2.0 795142779
2.01 378758343
2.02 784844869
2.03 810500549
2.04 473819310
2.05 458663817
2.06 104465529
2.07 1047210487
2.08 1035908886
2.09 28865184
2.1 833282468
2.11 933124297
2.12 737228895
2.13 491178764
2.14 759343966
2.15 731946730
2.16 597921764
2.17 26292904
2.18 786352535
2.19 190034779
2.2 1060066945
2.21 693748438
2.22 473753343
2.23 631946264
2.24 799963948
2.25 36622565
2.26 598399055
2.27 885929689
2.28 855769965
2.29 297695052
2.3 202444226
2.31 1064011644
2.32 927092574
2.33 756392611
2.34 431656147
2.35 531251610
2.36 1069653963
2.37 275762540
2.38 489834083
2.39 157480971
2.4 523750684
2.41 998131223
2.42 534460394
2.43 798595458
2.44 962390159
2.45 745115935
2.46 440007606
2.47 448738029
2.48 686143360
2.49 180022191
2.5 59524900
2.51 880227816
2.52 106251328
2.53 975831292
2.54 482640580
2.55 30068108
2.56 218823920
2.57 847809916
2.58 1063369474
2.59 922644494
2.6 275641034
2.61 629616108
2.62 666191290
2.63 389069991
2.64 632127613
2.65 1004371989
2.66 870626450
2.67 696755752
2.68 395895313
2.69 815056042
2.7 894262722
2.71 47015897
2.72 392008568
2.73 123226619
2.74 159325007
2.75 349412879
2.76 136216443
2.77 1004701763
2.78 1064819595
2.79 703968107
2.8 833708870
2.81 488388822
2.82 605868699
2.83 793500132
2.84 2674286
2.85 64090411
2.86 884735481
2.87 17093300
2.88 578128040
2.89 172037672
2.9 965104974
2.91 860627017
2.92 165256251
2.93 692210404
2.94 28062205
2.95 956942050
2.96 756616407
2.97 51158111
2.98 587509729
2.99 253699410
