1288 -0.0075
2938 -0.0325
2938 -0.05
2942 -0.0725
2972 -0.17375
2970 -0.13375
2978 -0.1
2978 -0.09375
2978 -0.12
2978 -0.03125
2978 -0.02125
2978 -0.06
2998 -0.13125
3014 -0.36125
3026 -0.31375
3198 -1
3198 -1
3198 -1
3198 -1
3198 -1
3198 -1
3198 -1
3198 -1
3198 -1
3198 -1
3198 -1
3198 -1
3198 -1
3198 -1
3198 -1
3198 -1
3198 -1
3198 -1
3198 -1
3198 -1
3198 -1
3198 -1
3198 -1
3198 -1
3198 -1
3198 -1
3198 -1
3198 -1
3198 -1
3198 -1
3198 -1
3198 -1
3198 -1
3198 -1
3198 -1
3198 -1
3198 -1
3198 -1
3198 -1
3198 -1
3198 -1
3198 -1
3198 -1
3198 -1
3198 -1
3198 -1
3198 -1
3198 -1
3198 -1
3198 -1
3198 -1
3198 -1
3198 -1
3198 -1
3198 -1
3198 -1
3190 -0.99875
3198 -1
3198 -1
3198 -1
3198 -1
3198 -1
3198 -1
3198 -1
3198 -1
3198 -1
3198 -1
3198 -1
3198 -1
3198 -1
3198 -1
3198 -1
3198 -1
3198 -1
3198 -1
3198 -1
3198 -1
3198 -1
3198 -1
3198 -1
3198 -1
3198 -1
3198 -1
3198 -1
3198 -1
3198 -1
3198 -1
3198 -1
3198 -1
3198 -1
3198 -1
3198 -1
3198 -1
3198 -1
3198 -1
3198 -1
3198 -1
3198 -1
3198 -1
3198 -1
3198 -1
3198 -1
3198 -1
3198 -1
3198 -1
3198 -1
3198 -1
3198 -1
3198 -1
3198 -1
3198 -1
3198 -1
3198 -1
3198 -1
3198 -1
3198 -1
3198 -1
3198 -1
3198 -1
3198 -1
3198 -1
3198 -1
3198 -1
3198 -1
3198 -1
3198 -1
3198 -1
3198 -1
3198 -1
3198 -1
3198 -1
3198 -1
3198 -1
3198 -1
3198 -1
3198 -1
3198 -1
3198 -1
3198 -1
3198 -1
3198 -1
3198 -1
3198 -1
3198 -1
3198 -1
3198 -1
3198 -1
3198 -1
3198 -1
3198 -1
3198 -1
3198 -1
3198 -1
3198 -1
3198 -1
3198 -1
3198 -1
3198 -1
3198 -1
3198 -1
3198 -1
3198 -1
3198 -1
3198 -1
3198 -1
3198 -1
3198 -1
3198 -1
3198 -1
3198 -1
3198 -1
3198 -1
3198 -1
3198 -1
3198 -1
3198 -1
3198 -1
3198 -1
3198 -1
3198 -1
3198 -1
3198 -1
3198 -1
3198 -1
3198 -1
