1234 0.0425
2962 0.18375
2962 0.08625
2966 0.10375
2966 0.13375
2966 0.0925
2966 0.0575
2966 0.045
2966 0.04625
2962 0.03375
2962 0.0175
2970 -0.0175
2970 -0.045
2970 -0.095
2970 -0.08875
2970 -0.105
2970 -0.08
2970 -0.0725
2970 -0.05625
2970 0.00625
2966 0.03875
2970 0.0575
2970 0.12
2970 0.1325
2966 0.15625
2970 0.07
2970 0.09125
2974 0.2025
2966 0.25375
2974 0.30375
2974 0.285
2974 0.195
2974 0.025
2974 0.075
2974 0.04625
2966 0.09625
2970 0.16375
2974 0.205
2974 0.215
2974 0.29375
2978 0.42375
2970 0.475
2980 0.6325
2982 0.47625
2982 0.39375
2978 0.46125
2978 0.435
2978 0.46625
2982 0.38
2982 0.3275
2982 0.30875
2982 0.2825
2982 0.2975
2982 0.36375
2982 0.4475
2978 0.39375
2982 0.355
2982 0.44625
2982 0.3825
2982 0.3225
2982 0.33375
2978 0.26125
2982 0.28375
2982 0.4675
2978 0.5525
2984 0.63625
2990 0.5925
2996 0.58875
3002 0.5525
2994 0.34625
3002 0.3775
3002 0.075
2998 -0.07
2998 -0.11
3002 -0.17
3002 0.2825
3002 0.11
3002 -0.09125
3002 0.0475
3002 -0.2275
3002 -0.32375
3198 -1
3198 -1
3198 -1
3198 -1
3198 -1
3198 -1
3198 -1
3198 -1
3198 -1
3198 -1
3198 -1
3198 -1
3198 -1
3198 -1
3198 -1
3198 -1
3198 -1
3198 -1
3198 -1
3190 -0.99875
3198 -1
3198 -1
3198 -1
3198 -1
3198 -1
3198 -1
3198 -1
3198 -1
3198 -1
3198 -1
3198 -1
3198 -1
3198 -1
3198 -1
3198 -1
3198 -1
3198 -1
3198 -1
3198 -1
3198 -1
3198 -1
3198 -1
3198 -1
3198 -1
3198 -1
3198 -1
3198 -1
3198 -1
3198 -1
3198 -1
3198 -1
3198 -1
3198 -1
3198 -1
3198 -1
3198 -1
3198 -1
3198 -1
3198 -1
3198 -1
3198 -1
3198 -1
3198 -1
3198 -1
3198 -1
3198 -1
3198 -1
3198 -1
3198 -1
3198 -1
3198 -1
3198 -1
3198 -1
3198 -1
3198 -1
3198 -1
3198 -1
3198 -1
3198 -1
3198 -1
3198 -1
3198 -1
3198 -1
3198 -1
3198 -1
3198 -1
3198 -1
3198 -1
3198 -1
3198 -1
3198 -1
3198 -1
3190 -0.99875
3198 -1
3198 -1
3198 -1
3198 -1
3198 -1
3198 -1
3198 -1
3198 -1
3198 -1
3198 -1
3198 -1
3198 -1
3198 -1
3198 -1
3198 -1
3198 -1
3198 -1
3198 -1
3198 -1
3198 -1
3190 -0.99875
3198 -1
3198 -1
3198 -1
3198 -1
3198 -1
