1262 -0.12875
2926 -0.26375
2954 -0.2725
2986 -0.37
3198 -1
3190 -0.99875
3198 -1
3198 -1
3198 -1
3198 -1
3198 -1
3198 -1
3198 -1
3198 -1
3198 -1
3198 -1
3198 -1
3198 -1
3198 -1
3198 -1
3198 -1
3198 -1
3198 -1
3198 -1
3198 -1
3198 -1
3198 -1
3198 -1
3198 -1
3198 -1
3198 -1
3190 -0.99875
3198 -1
3198 -1
3198 -1
3190 -0.99875
3198 -1
3198 -1
3198 -1
3198 -1
3198 -1
3198 -1
3198 -1
3198 -1
3198 -1
3198 -1
3198 -1
3198 -1
3198 -1
3198 -1
3198 -1
3198 -1
3198 -1
3198 -1
3198 -1
3198 -1
3198 -1
3198 -1
3198 -1
3198 -1
3198 -1
3198 -1
3198 -1
3198 -1
3198 -1
3198 -1
3198 -1
3190 -0.99875
3198 -1
3198 -1
3190 -0.99875
3198 -1
3198 -1
3198 -1
3198 -1
3198 -1
3198 -1
3198 -1
3198 -1
3198 -1
3198 -1
3198 -1
3198 -1
3198 -1
3198 -1
3198 -1
3198 -1
3198 -1
3198 -1
3198 -1
3198 -1
3198 -1
3198 -1
3198 -1
3198 -1
3198 -1
3198 -1
3198 -1
3198 -1
3198 -1
3198 -1
3190 -0.99875
3198 -1
3198 -1
3198 -1
3198 -1
3198 -1
3198 -1
3198 -1
3198 -1
3198 -1
3198 -1
3198 -1
3198 -1
3198 -1
3198 -1
3198 -1
3198 -1
3198 -1
3198 -1
3198 -1
3198 -1
3198 -1
3198 -1
3198 -1
3198 -1
3198 -1
3198 -1
3190 -0.99875
3198 -1
3198 -1
3182 -0.9975
3198 -1
3198 -1
3198 -1
3198 -1
3198 -1
3198 -1
3198 -1
3198 -1
3198 -1
3198 -1
3198 -1
3198 -1
3198 -1
3198 -1
3198 -1
3198 -1
3198 -1
3198 -1
3198 -1
3198 -1
3198 -1
3198 -1
3198 -1
3198 -1
3198 -1
3198 -1
3198 -1
3198 -1
3198 -1
3198 -1
3198 -1
3198 -1
3198 -1
3198 -1
3198 -1
3198 -1
3198 -1
3198 -1
3198 -1
3198 -1
3198 -1
3198 -1
3198 -1
3198 -1
3198 -1
3198 -1
3198 -1
3198 -1
3198 -1
3198 -1
3190 -0.99875
3198 -1
3198 -1
3198 -1
3198 -1
3198 -1
3198 -1
3198 -1
3198 -1
3198 -1
3198 -1
3198 -1
3198 -1
3190 -0.99875
3198 -1
3198 -1
3198 -1
3198 -1
