1356 0.19125
3198 1
3198 1
3198 1
3198 1
3198 1
3198 1
3198 1
3198 1
3198 1
3198 1
3182 0.9975
3198 1
3190 0.99875
3198 1
3192 0.99875
3198 1
3198 1
3198 1
3198 1
3198 1
3198 1
3198 1
3198 1
3198 1
3198 1
3198 1
3198 1
3190 0.99875
3190 0.99875
3190 0.99875
3198 1
3198 1
3198 1
3190 0.99875
3198 1
3198 1
3198 1
3190 0.99875
3190 0.99875
3198 1
3198 1
3198 1
3198 1
3198 1
3190 0.99875
3198 1
3198 1
3198 1
3198 1
3198 1
3198 1
3190 0.99875
3198 1
3198 1
3198 1
3198 1
3198 1
3190 0.99875
3198 1
3198 1
3198 1
3198 1
3198 1
3198 1
3198 1
3198 1
3198 1
3198 1
3190 0.99875
3198 1
3186 0.9975
3198 1
3198 1
3190 0.99875
3198 1
3198 1
3198 1
3198 1
3198 1
3198 1
3198 1
3182 0.9975
3198 1
3198 1
3198 1
3198 1
3190 0.99875
3198 1
3182 0.9975
3198 1
3192 0.99875
3198 1
3198 1
3190 0.99875
3198 1
3198 1
3198 1
3198 1
3198 1
3190 0.99875
3192 0.99875
3198 1
3198 1
3198 1
3190 0.99875
3198 1
3198 1
3198 1
3198 1
3198 1
3192 0.99875
3198 1
3190 0.99875
3198 1
3198 1
3198 1
3198 1
3190 0.99875
3198 1
3198 1
3198 1
3198 1
3198 1
3198 1
3198 1
3182 0.9975
3190 0.99875
3198 1
3198 1
3192 0.99875
3198 1
3198 1
3184 0.9975
3198 1
3190 0.99875
3198 1
3198 1
3198 1
3190 0.99875
3192 0.99875
3198 1
3198 1
3198 1
3198 1
3190 0.99875
3190 0.99875
3190 0.99875
3190 0.99875
3190 0.99875
3198 1
3198 1
3198 1
3198 1
3198 1
3198 1
3198 1
3198 1
3198 1
3198 1
3198 1
3198 1
3198 1
3198 1
3198 1
3198 1
3198 1
3198 1
3198 1
3198 1
3198 1
3190 0.99875
3198 1
3198 1
3198 1
3198 1
3182 0.9975
3198 1
3184 0.9975
3198 1
3198 1
3198 1
3198 1
3190 0.99875
3198 1
3198 1
3198 1
3198 1
3198 1
3198 1
3198 1
3190 0.99875
3190 0.99875
3198 1
3198 1
3198 1
3198 1
3198 1
3198 1
3198 1
