1250 -0.14625
3198 -1
3198 -1
3198 -1
3190 -0.99875
3182 -0.9975
3198 -1
3198 -1
3182 -0.9975
3198 -1
3198 -1
3190 -0.99875
3198 -1
3198 -1
3190 -0.99875
3198 -1
3182 -0.9975
3190 -0.99875
3198 -1
3198 -1
3198 -1
3198 -1
3190 -0.99875
3198 -1
3198 -1
3190 -0.99875
3198 -1
3198 -1
3198 -1
3198 -1
3190 -0.99875
3198 -1
3198 -1
3190 -0.99875
3190 -0.99875
3182 -0.9975
3198 -1
3198 -1
3198 -1
3198 -1
3190 -0.99875
3182 -0.9975
3198 -1
3198 -1
3198 -1
3190 -0.99875
3198 -1
3198 -1
3190 -0.99875
3198 -1
3198 -1
3198 -1
3182 -0.9975
3198 -1
3198 -1
3174 -0.99625
3198 -1
3190 -0.99875
3198 -1
3198 -1
3182 -0.9975
3198 -1
3198 -1
3190 -0.99875
3198 -1
3198 -1
3198 -1
3198 -1
3198 -1
3190 -0.99875
3198 -1
3198 -1
3198 -1
3190 -0.99875
3182 -0.9975
3198 -1
3182 -0.9975
3198 -1
3190 -0.99875
3198 -1
3190 -0.99875
3198 -1
3198 -1
3190 -0.99875
3198 -1
3190 -0.99875
3198 -1
3198 -1
3186 -0.9975
3198 -1
3190 -0.99875
3190 -0.99875
3198 -1
3198 -1
3182 -0.9975
3190 -0.99875
3198 -1
3198 -1
3190 -0.99875
3198 -1
3198 -1
3198 -1
3198 -1
3198 -1
3198 -1
3190 -0.99875
3186 -0.9975
3190 -0.99875
3198 -1
3198 -1
3198 -1
3198 -1
3190 -0.99875
3198 -1
3190 -0.99875
3198 -1
3198 -1
3182 -0.9975
3182 -0.9975
3182 -0.9975
3198 -1
3182 -0.9975
3198 -1
3198 -1
3198 -1
3190 -0.99875
3198 -1
3198 -1
3198 -1
3190 -0.99875
3198 -1
3198 -1
3198 -1
3190 -0.99875
3190 -0.99875
3190 -0.99875
3198 -1
3190 -0.99875
3190 -0.99875
3186 -0.9975
3190 -0.99875
3198 -1
3190 -0.99875
3198 -1
3198 -1
3198 -1
3198 -1
3198 -1
3198 -1
3190 -0.99875
3190 -0.99875
3198 -1
3190 -0.99875
3182 -0.9975
3198 -1
3198 -1
3190 -0.99875
3198 -1
3198 -1
3190 -0.99875
3190 -0.99875
3198 -1
3198 -1
3182 -0.9975
3198 -1
3198 -1
3182 -0.9975
3190 -0.99875
3198 -1
3182 -0.9975
3198 -1
3198 -1
3198 -1
3198 -1
3198 -1
3182 -0.9975
3198 -1
3190 -0.99875
3190 -0.99875
3198 -1
3190 -0.99875
3198 -1
3190 -0.99875
3190 -0.99875
3190 -0.99875
3198 -1
3190 -0.99875
3198 -1
3190 -0.99875
3190 -0.99875
3190 -0.99875
3198 -1
3198 -1
3198 -1
3198 -1
3198 -1
3198 -1
3198 -1
3190 -0.99875
3198 -1
