1434 -0.175
3198 -1
3198 -1
3190 -0.99875
3190 -0.99875
3198 -1
3182 -0.9975
3190 -0.99875
3182 -0.9975
3190 -0.99875
3198 -1
3174 -0.99625
3190 -0.99875
3198 -1
3190 -0.99875
3198 -1
3198 -1
3198 -1
3182 -0.9975
3190 -0.99875
3182 -0.9975
3190 -0.99875
3186 -0.9975
3190 -0.99875
3182 -0.9975
3182 -0.9975
3190 -0.99875
3198 -1
3190 -0.99875
3190 -0.99875
3190 -0.99875
3190 -0.99875
3186 -0.9975
3198 -1
3190 -0.99875
3190 -0.99875
3174 -0.99625
3182 -0.9975
3186 -0.9975
3198 -1
3182 -0.9975
3174 -0.99625
3186 -0.9975
3198 -1
3198 -1
3198 -1
3182 -0.9975
3198 -1
3182 -0.9975
3198 -1
3182 -0.9975
3190 -0.99875
3190 -0.99875
3190 -0.99875
3198 -1
3198 -1
3174 -0.99625
3178 -0.99625
3182 -0.9975
3182 -0.9975
3190 -0.99875
3190 -0.99875
3198 -1
3182 -0.9975
3198 -1
3182 -0.9975
3190 -0.99875
3198 -1
3198 -1
3190 -0.99875
3190 -0.99875
3198 -1
3198 -1
3178 -0.99625
3166 -0.995
3190 -0.99875
3190 -0.99875
3198 -1
3182 -0.9975
3190 -0.99875
3198 -1
3190 -0.99875
3190 -0.99875
3166 -0.995
3174 -0.99625
3182 -0.9975
3190 -0.99875
3182 -0.9975
3190 -0.99875
3166 -0.995
3198 -1
3190 -0.99875
3198 -1
3198 -1
3190 -0.99875
3198 -1
3198 -1
3190 -0.99875
3182 -0.9975
3174 -0.99625
3198 -1
3166 -0.995
3198 -1
3190 -0.99875
3190 -0.99875
3182 -0.9975
3190 -0.99875
3182 -0.9975
3198 -1
3190 -0.99875
3190 -0.99875
3182 -0.9975
3198 -1
3190 -0.99875
3190 -0.99875
3198 -1
3174 -0.99625
3190 -0.99875
3198 -1
3190 -0.99875
3198 -1
3198 -1
3198 -1
3198 -1
3182 -0.9975
3190 -0.99875
3190 -0.99875
3190 -0.99875
3198 -1
3182 -0.9975
3198 -1
3182 -0.9975
3174 -0.99625
3198 -1
3182 -0.99625
3190 -0.99875
3182 -0.9975
3174 -0.99625
3198 -1
3190 -0.99875
3198 -1
3190 -0.99875
3198 -1
3186 -0.9975
3178 -0.99625
3190 -0.99875
3198 -1
3198 -1
3182 -0.9975
3198 -1
3198 -1
3174 -0.99625
3190 -0.99875
3182 -0.9975
3182 -0.9975
3190 -0.99875
3190 -0.99875
3190 -0.99875
3190 -0.99875
3198 -1
3198 -1
3190 -0.99875
3166 -0.99375
3198 -1
3182 -0.9975
3190 -0.99875
3198 -1
3198 -1
3190 -0.99875
3190 -0.99875
3198 -1
3182 -0.9975
3182 -0.9975
3174 -0.99625
3174 -0.99625
3198 -1
3190 -0.99875
3198 -1
3190 -0.99875
3182 -0.9975
3198 -1
3190 -0.99875
3190 -0.99875
3190 -0.99875
3190 -0.99875
3190 -0.99875
3190 -0.99875
3190 -0.99875
3198 -1
3190 -0.99875
3190 -0.99875
3182 -0.9975
3198 -1
3190 -0.99875
3190 -0.99875
3182 -0.9975
3190 -0.99875
3182 -0.9975
3182 -0.9975
3182 -0.9975
