1184 -0.11
3158 -0.99375
3174 -0.99625
3174 -0.995
3190 -0.99875
3182 -0.9975
3190 -0.99875
3166 -0.995
3182 -0.9975
3174 -0.99625
3138 -0.99
3190 -0.99875
3198 -1
3182 -0.9975
3174 -0.99625
3190 -0.99875
3170 -0.995
3166 -0.99375
3190 -0.99875
3150 -0.9925
3170 -0.995
3174 -0.99625
3182 -0.9975
3174 -0.995
3182 -0.9975
3170 -0.995
3190 -0.99875
3162 -0.99375
3198 -1
3150 -0.9925
3182 -0.9975
3198 -1
3170 -0.995
3190 -0.99875
3158 -0.99375
3190 -0.99875
3182 -0.9975
3190 -0.99875
3182 -0.9975
3174 -0.99625
3158 -0.99375
3190 -0.99875
3174 -0.99625
3190 -0.99875
3190 -0.99875
3198 -1
3182 -0.9975
3190 -0.99875
3174 -0.99625
3190 -0.99875
3174 -0.995
3198 -1
3198 -1
3174 -0.99625
3182 -0.9975
3174 -0.99625
3170 -0.995
3178 -0.99625
3174 -0.99625
3182 -0.9975
3174 -0.99625
3190 -0.99875
3182 -0.9975
3174 -0.99625
3190 -0.99875
3158 -0.9925
3174 -0.99625
3174 -0.99625
3182 -0.9975
3198 -1
3182 -0.9975
3174 -0.99625
3190 -0.99875
3174 -0.99625
3174 -0.99625
3182 -0.9975
3166 -0.995
3190 -0.99875
3174 -0.99625
3190 -0.99875
3198 -1
3198 -1
3198 -1
3190 -0.99875
3174 -0.99625
3162 -0.99375
3166 -0.995
3154 -0.9925
3150 -0.99125
3182 -0.9975
3174 -0.99625
3154 -0.9925
3198 -1
3190 -0.99875
3198 -1
3190 -0.99875
3182 -0.9975
3182 -0.9975
3190 -0.99875
3182 -0.9975
3174 -0.99625
3182 -0.9975
3190 -0.99875
3190 -0.99875
3182 -0.9975
3174 -0.99625
3182 -0.9975
3174 -0.99625
3170 -0.995
3182 -0.9975
3182 -0.9975
3174 -0.99625
3190 -0.99875
3198 -1
3190 -0.99875
3198 -1
3190 -0.99875
3182 -0.9975
3174 -0.99625
3154 -0.99125
3154 -0.9925
3182 -0.9975
3174 -0.99625
3198 -1
3158 -0.99375
3174 -0.99625
3190 -0.99875
3178 -0.99625
3190 -0.99875
3190 -0.99875
3190 -0.99875
3174 -0.99625
3182 -0.9975
3182 -0.9975
3198 -1
3166 -0.995
3166 -0.995
3190 -0.99875
3190 -0.99875
3182 -0.9975
3190 -0.99875
3166 -0.995
3174 -0.99625
3174 -0.99625
3162 -0.99375
3190 -0.99875
3198 -1
3190 -0.99875
3182 -0.9975
3182 -0.9975
3190 -0.99875
3182 -0.9975
3190 -0.99875
3182 -0.9975
3198 -1
3174 -0.99625
3198 -1
3198 -1
3198 -1
3158 -0.99375
3182 -0.9975
3174 -0.99625
3182 -0.9975
3174 -0.99625
3146 -0.99125
3190 -0.99875
3190 -0.99875
3174 -0.99625
3174 -0.99625
3166 -0.995
3190 -0.99875
3182 -0.9975
3182 -0.9975
3190 -0.99875
3190 -0.99875
3174 -0.99625
3182 -0.9975
3182 -0.9975
3190 -0.99875
3134 -0.98875
3150 -0.9925
3190 -0.99875
3158 -0.99375
3174 -0.99625
3174 -0.99625
3166 -0.995
3190 -0.99875
3190 -0.99875
3190 -0.99875
3174 -0.99625
3190 -0.99875
3182 -0.9975
3182 -0.9975
3182 -0.9975
3182 -0.9975
3174 -0.99625
3182 -0.9975
3174 -0.99625
3190 -0.99875
3170 -0.995
