1318 0.14125
3146 0.99125
3158 0.99125
3182 0.9975
3198 1
3164 0.99375
3190 0.99875
3142 0.99125
3182 0.9975
3182 0.9975
3166 0.995
3166 0.995
3198 1
3174 0.99625
3178 0.99625
3182 0.9975
3190 0.99875
3154 0.9925
3158 0.99375
3198 1
3166 0.995
3166 0.995
3146 0.99125
3150 0.99
3190 0.99875
3150 0.9925
3142 0.99125
3170 0.995
3182 0.9975
3170 0.995
3190 0.99875
3150 0.9925
3182 0.9975
3190 0.99875
3166 0.995
3130 0.98875
3166 0.995
3170 0.995
3190 0.99875
3156 0.9925
3174 0.99625
3178 0.99625
3182 0.9975
3162 0.99375
3162 0.99375
3166 0.995
3130 0.9875
3150 0.99125
3142 0.99125
3174 0.99625
3130 0.98875
3142 0.99125
3182 0.9975
3170 0.995
3182 0.9975
3148 0.99125
3192 0.99875
3170 0.995
3166 0.99375
3134 0.99
3162 0.99375
3198 1
3190 0.99875
3182 0.9975
3174 0.99625
3146 0.98875
3182 0.9975
3158 0.99375
3166 0.995
3182 0.9975
3182 0.9975
3190 0.99875
3166 0.995
3190 0.99875
3166 0.995
3182 0.9975
3166 0.995
3182 0.9975
3198 1
3174 0.99625
3166 0.995
3166 0.995
3170 0.995
3174 0.99625
3174 0.99625
3174 0.99625
3150 0.9925
3150 0.9925
3166 0.99375
3140 0.98875
3182 0.9975
3146 0.99125
3190 0.99875
3182 0.9975
3182 0.9975
3166 0.995
3166 0.995
3150 0.9925
3146 0.99125
3168 0.995
3182 0.9975
3166 0.995
3178 0.99625
3174 0.99625
3170 0.995
3166 0.995
3190 0.99875
3182 0.9975
3166 0.995
3186 0.9975
3190 0.99875
3110 0.985
3174 0.995
3150 0.9925
3172 0.995
3182 0.9975
3166 0.995
3174 0.99625
3168 0.995
3182 0.9975
3190 0.99875
3154 0.9925
3166 0.995
3174 0.99625
3146 0.99125
3130 0.98875
3190 0.99875
3182 0.9975
3176 0.99625
3162 0.99375
3154 0.9925
3142 0.99
3190 0.99875
3182 0.9975
3190 0.99875
3182 0.9975
3178 0.99625
3170 0.995
3198 1
3158 0.99125
3138 0.99
3124 0.9875
3148 0.99125
3166 0.995
3142 0.99
3158 0.99375
3190 0.99875
3142 0.99125
3150 0.9925
3146 0.99125
3146 0.99125
3158 0.99375
3158 0.99375
3178 0.99625
3158 0.9925
3174 0.99625
3150 0.99
3158 0.99375
3174 0.99625
3170 0.995
3154 0.9925
3190 0.99875
3168 0.995
3162 0.99375
3174 0.99625
3150 0.9925
3174 0.99625
3146 0.99125
3174 0.99625
3162 0.99375
3190 0.99875
3158 0.99375
3138 0.99
3182 0.9975
3198 1
3138 0.99
3182 0.9975
3138 0.99
3174 0.99625
3172 0.995
3152 0.9925
3146 0.99125
3190 0.99875
3166 0.995
3146 0.99
3160 0.99375
3146 0.99125
3160 0.99375
3118 0.98625
3162 0.99375
3174 0.99625
3174 0.99625
3182 0.9975
3182 0.9975
3150 0.9925
3168 0.995
3166 0.995
3160 0.99375
3146 0.99125
3190 0.99875
