1124 -0.11125
3134 -0.98875
3138 -0.99
3138 -0.99
3142 -0.99125
3142 -0.99125
3098 -0.9825
3154 -0.9925
3138 -0.99
3146 -0.99125
3158 -0.99375
3130 -0.98875
3162 -0.99375
3190 -0.99875
3154 -0.9925
3114 -0.98625
3122 -0.9875
3166 -0.995
3158 -0.99375
3154 -0.9925
3122 -0.9875
3162 -0.99375
3126 -0.9875
3154 -0.9925
3158 -0.99375
3190 -0.99875
3162 -0.99375
3174 -0.99625
3158 -0.99375
3154 -0.9925
3162 -0.99125
3158 -0.9925
3142 -0.99125
3126 -0.98875
3150 -0.9925
3158 -0.99375
3150 -0.99125
3142 -0.99
3154 -0.99125
3142 -0.99125
3130 -0.98625
3158 -0.99375
3134 -0.98875
3158 -0.99375
3130 -0.98875
3174 -0.99625
3146 -0.99125
3138 -0.99
3158 -0.99375
3166 -0.995
3166 -0.995
3158 -0.99375
3110 -0.985
3166 -0.995
3126 -0.9875
3134 -0.98875
3138 -0.99
3166 -0.995
3130 -0.9875
3162 -0.99375
3130 -0.98875
3166 -0.995
3118 -0.9875
3158 -0.99375
3098 -0.98375
3182 -0.9975
3098 -0.9825
3158 -0.99375
3130 -0.98875
3178 -0.99625
3134 -0.9875
3158 -0.99375
3150 -0.9925
3158 -0.99375
3142 -0.99
3146 -0.99125
3146 -0.99125
3138 -0.99
3154 -0.9925
3166 -0.995
3182 -0.9975
3146 -0.99125
3128 -0.9875
3106 -0.985
3150 -0.9925
3174 -0.99625
3122 -0.98625
3126 -0.98875
3146 -0.99125
3134 -0.98875
3126 -0.98875
3150 -0.9925
3174 -0.99625
3174 -0.99625
3174 -0.995
3166 -0.995
3146 -0.99125
3170 -0.995
3142 -0.99
3114 -0.985
3166 -0.995
3128 -0.9875
3154 -0.9925
3146 -0.99125
3166 -0.995
3110 -0.985
3146 -0.99125
3154 -0.9925
3150 -0.9925
3134 -0.99
3166 -0.995
3154 -0.9925
3154 -0.9925
3150 -0.9925
3106 -0.98375
3150 -0.9925
3150 -0.99
3158 -0.99375
3142 -0.99125
3154 -0.9925
3154 -0.9925
3130 -0.98875
3150 -0.9925
3158 -0.99375
3182 -0.9975
3162 -0.99375
3130 -0.98625
3134 -0.98875
3122 -0.98625
3150 -0.9925
3158 -0.99375
3174 -0.99625
3190 -0.99875
3114 -0.9825
3166 -0.995
3134 -0.98875
3126 -0.9875
3142 -0.99125
3166 -0.995
3154 -0.9925
3166 -0.995
3142 -0.99125
3166 -0.995
3134 -0.99
3124 -0.9875
3134 -0.99
3166 -0.995
3162 -0.99375
3118 -0.9875
3166 -0.995
3182 -0.9975
3094 -0.98125
3142 -0.99125
3174 -0.99625
3142 -0.99125
3162 -0.99375
3174 -0.99625
3150 -0.9925
3182 -0.9975
3098 -0.98375
3130 -0.98625
3182 -0.9975
3158 -0.99375
3158 -0.99375
3158 -0.99375
3142 -0.99125
3138 -0.98875
3182 -0.9975
3134 -0.98875
3134 -0.98875
3158 -0.99375
3146 -0.99125
3150 -0.9925
3158 -0.99375
3142 -0.99
3154 -0.9925
3182 -0.9975
3182 -0.9975
3150 -0.9925
3174 -0.99625
3162 -0.99375
3118 -0.98625
3134 -0.99
3158 -0.99375
3126 -0.9875
3146 -0.99125
3142 -0.99
3170 -0.995
3122 -0.9875
3174 -0.99625
3154 -0.9925
3142 -0.99125
3102 -0.98375
3158 -0.99375
3130 -0.98875
3154 -0.9925
3154 -0.9925
3126 -0.9875
3166 -0.995
3150 -0.9925
