1082 -0.055
3150 0.99125
3118 0.9875
3110 0.98375
3174 0.99625
3146 0.99125
3126 0.9875
3150 0.99
3114 0.985
3094 0.98375
3142 0.99
3096 0.98375
3150 0.9925
3130 0.98875
3114 0.985
3098 0.98375
3094 0.9825
3134 0.98875
3134 0.98875
3142 0.99
3142 0.99125
3114 0.98625
3138 0.99
3130 0.98875
3096 0.98125
3104 0.98375
3080 0.97875
3108 0.9825
3118 0.98625
3110 0.98625
3150 0.9925
3102 0.98375
3122 0.98625
3134 0.99
3140 0.99
3142 0.99125
3098 0.9825
3098 0.9825
3094 0.98125
3082 0.98
3106 0.985
3076 0.98
3134 0.985
3138 0.99
3122 0.9875
3076 0.98
3110 0.98625
3074 0.9775
3126 0.98875
3134 0.99
3138 0.98625
3090 0.97875
3134 0.99
3118 0.985
3106 0.985
3136 0.99
3102 0.9825
3146 0.99125
3112 0.985
3142 0.99
3104 0.985
3122 0.98625
3122 0.98625
3098 0.98375
3094 0.97875
3110 0.985
3116 0.9825
3128 0.9875
3106 0.98375
3158 0.99375
3150 0.9925
3134 0.99
3098 0.9825
3118 0.98625
3110 0.98625
3090 0.97875
3146 0.99125
3142 0.99125
3098 0.98
3146 0.99125
3074 0.9775
3102 0.98375
3126 0.9875
3070 0.97875
3086 0.98125
3118 0.985
3150 0.99
3130 0.9875
3110 0.985
3104 0.98375
3150 0.9925
3094 0.98125
3138 0.98875
3174 0.99625
3122 0.9875
3138 0.98875
3134 0.99
3118 0.98375
3134 0.99
3158 0.99375
3090 0.98125
3090 0.9825
3104 0.9825
3146 0.99125
3138 0.99
3146 0.99125
3102 0.98
3114 0.985
3132 0.98875
3046 0.97125
3102 0.98375
3126 0.98875
3158 0.99375
3076 0.97875
3130 0.98875
3134 0.98875
3134 0.9875
3130 0.98875
3126 0.98625
3140 0.99
3124 0.98625
3110 0.985
3058 0.975
3110 0.98625
3138 0.98875
3150 0.9925
3122 0.9875
3106 0.985
3120 0.9875
3126 0.9875
3122 0.98375
3066 0.97625
3046 0.9725
3126 0.98875
3082 0.9775
3142 0.99
3118 0.985
3094 0.9825
3126 0.98625
3102 0.9825
3142 0.99125
3126 0.98625
3072 0.9775
3114 0.98625
3168 0.995
3118 0.98625
3146 0.99125
3130 0.98875
3118 0.98625
3114 0.98625
3166 0.995
3134 0.98875
3150 0.9925
3150 0.99125
3126 0.98875
3114 0.98625
3122 0.9875
3166 0.995
3096 0.98375
3080 0.98125
3074 0.98
3142 0.99125
3150 0.99
3122 0.985
3058 0.9775
3062 0.9725
3146 0.99125
3116 0.98625
3066 0.9775
3150 0.9925
3094 0.98375
3116 0.985
3098 0.9825
3126 0.98875
3094 0.98125
3062 0.97375
3142 0.99125
3166 0.995
3142 0.99
3134 0.99
3098 0.9825
3134 0.98625
3100 0.98125
3106 0.98375
3070 0.97875
3134 0.99
3122 0.98625
3074 0.98
3154 0.9925
3114 0.985
3110 0.985
3122 0.9875
3102 0.98375
3150 0.9925
3114 0.98625
3136 0.99
3150 0.9925
3106 0.98375
3130 0.98875
3162 0.99375
