930 -0.0075
3058 0.97625
3050 0.9725
3106 0.98125
3126 0.9875
3076 0.98
3034 0.97
3034 0.9675
3098 0.98375
3022 0.9575
3078 0.98
3110 0.985
3126 0.98625
3074 0.9775
3078 0.98
3082 0.98125
3098 0.9825
3100 0.9825
3130 0.9875
3058 0.97375
3126 0.98875
3078 0.9775
3062 0.97625
3078 0.98
3174 0.99625
3092 0.98125
3012 0.97
3046 0.9725
3110 0.98375
3114 0.98625
3044 0.975
3008 0.965
3074 0.97875
3056 0.9725
3038 0.97375
3056 0.97625
3090 0.98125
3076 0.97625
3058 0.975
2984 0.96
3126 0.9875
3098 0.9825
3058 0.9725
3058 0.97375
3106 0.985
3086 0.97875
3036 0.97375
3066 0.9725
3078 0.98
3078 0.97875
3110 0.98375
3078 0.97875
3102 0.98375
3126 0.98875
3116 0.985
3086 0.97875
3124 0.98625
3054 0.97
3094 0.9825
3054 0.97125
3118 0.98625
3090 0.98125
3110 0.98375
3094 0.98375
3062 0.9775
3076 0.97625
3086 0.9825
3062 0.9725
3062 0.9775
3086 0.97875
3006 0.96375
3032 0.97125
3086 0.9775
3010 0.96375
3032 0.97125
3066 0.97125
3098 0.9825
3098 0.98375
3142 0.99
3062 0.9775
3110 0.985
3070 0.975
3100 0.98375
3044 0.97
3056 0.97625
3134 0.99
3098 0.98125
3080 0.98
3058 0.975
3094 0.98125
3128 0.9875
3046 0.97125
3042 0.9725
3086 0.97875
3042 0.97
3050 0.97375
3102 0.985
3132 0.9875
3034 0.96125
3078 0.98
3114 0.98625
3026 0.97125
3014 0.96875
3052 0.97375
3084 0.9775
3082 0.98
3138 0.99
3124 0.98625
3084 0.98125
3038 0.97125
3002 0.96125
3018 0.9675
3030 0.97
3106 0.98375
3118 0.9875
3110 0.98625
3082 0.98
3046 0.96875
3122 0.9875
3102 0.98125
3106 0.985
3066 0.9775
3026 0.9675
3098 0.9825
3060 0.97
3126 0.98875
3088 0.98125
3062 0.97875
3098 0.98125
3062 0.9725
3126 0.9875
3112 0.98375
3054 0.97375
3078 0.97875
3064 0.975
3074 0.97875
3114 0.98625
3042 0.97
3138 0.99
3106 0.985
3116 0.98625
3070 0.9775
3046 0.97375
3130 0.985
3090 0.98125
3102 0.98375
3102 0.9825
3090 0.97875
3048 0.9725
3074 0.97875
3022 0.965
3130 0.98875
3110 0.98625
3082 0.98
3050 0.9725
3130 0.98875
3054 0.97625
3118 0.98375
3066 0.97625
3114 0.98625
3098 0.9825
3122 0.9875
3102 0.98375
3058 0.97
3102 0.98375
3074 0.98
3070 0.975
3106 0.98375
3102 0.98375
3090 0.9775
3082 0.98125
3086 0.98
3042 0.975
3070 0.97875
3078 0.98
3038 0.97
3066 0.97625
3102 0.98375
3082 0.98
3060 0.97375
3114 0.98625
3068 0.97625
3068 0.97875
3106 0.98375
3086 0.97875
3082 0.97625
3066 0.975
3102 0.98375
3054 0.97375
3058 0.9725
3110 0.985
3098 0.98375
3072 0.9775
3040 0.96875
3058 0.975
3118 0.9875
3054 0.9725
3090 0.98125
3086 0.98125
3052 0.975
