1074 0.11125
3014 0.96375
3054 0.9725
3094 0.9825
3092 0.97875
3026 0.97125
2966 0.95875
3030 0.97125
3024 0.96625
3090 0.98
3010 0.965
3070 0.97875
3068 0.97625
3034 0.9725
2954 0.95125
3030 0.96875
3082 0.9775
3034 0.9725
2988 0.965
3078 0.97875
2972 0.95875
3022 0.9675
2990 0.965
3098 0.98375
3094 0.9825
3048 0.9725
3030 0.97125
3030 0.965
2994 0.96125
2982 0.9525
3030 0.96625
3022 0.97
3066 0.97625
3034 0.97
3054 0.9725
2998 0.9625
3094 0.98125
3048 0.97375
3062 0.97625
3050 0.97375
3004 0.955
2966 0.95625
2942 0.955
2932 0.95125
3014 0.96
3034 0.97375
3082 0.98
3074 0.97875
3002 0.96625
2978 0.95625
3058 0.97
3038 0.97125
3002 0.96125
3046 0.97375
3062 0.97
3070 0.975
2966 0.94125
3078 0.98125
3042 0.97125
2966 0.955
2998 0.96625
3050 0.9725
3098 0.97625
3054 0.975
3046 0.9725
3038 0.97125
3070 0.97875
3010 0.96625
3026 0.96375
3022 0.965
2952 0.95125
3018 0.9675
3038 0.97125
3066 0.97875
3006 0.96375
3024 0.96375
2990 0.96125
3030 0.97125
3032 0.96875
3064 0.97625
3046 0.975
3018 0.96625
2998 0.965
3058 0.97375
3054 0.96625
2990 0.96
3014 0.9625
3046 0.97
2906 0.94625
3040 0.9725
3098 0.9825
3074 0.97875
3058 0.975
3090 0.9825
2994 0.95375
3094 0.98125
3038 0.97125
2990 0.96
2958 0.95375
3026 0.96375
2938 0.9425
3082 0.98
2954 0.95625
2950 0.95375
3054 0.97625
3022 0.97125
2960 0.9425
3026 0.96875
3066 0.975
3022 0.96875
2966 0.95625
3058 0.97375
3070 0.97875
3034 0.9675
3042 0.97
3020 0.95875
3098 0.9825
2998 0.9625
3038 0.97125
3038 0.97125
3022 0.965
3102 0.98125
3050 0.9725
3030 0.96
3102 0.9825
3026 0.9675
2976 0.9625
3006 0.965
2950 0.9475
3022 0.97125
2992 0.96375
3050 0.9725
3082 0.98125
3078 0.97875
3012 0.96625
3062 0.9775
3050 0.97625
3086 0.98
3074 0.97625
3010 0.96875
3032 0.96625
3030 0.9675
3018 0.97
3018 0.9675
3020 0.9675
3014 0.96625
3044 0.97375
3042 0.9725
2978 0.95375
3018 0.96625
3070 0.98
3038 0.97125
2966 0.9475
2982 0.9625
3054 0.97125
2982 0.96
3014 0.96625
3038 0.97125
2930 0.94875
3038 0.97
3082 0.98125
3086 0.9825
3046 0.975
2976 0.96125
3038 0.97
3030 0.96875
2992 0.9575
3086 0.98
2998 0.96375
3034 0.97
3010 0.96625
3090 0.98
2994 0.9625
3062 0.97375
2988 0.96375
3052 0.97375
2998 0.96
3030 0.96875
3090 0.98125
3098 0.98375
3040 0.9625
2962 0.95625
2982 0.96
3030 0.97
3050 0.97
3090 0.9825
3034 0.9725
3046 0.97375
2948 0.955
3030 0.97125
3094 0.98375
2984 0.96
2998 0.96625
3074 0.97375
3046 0.97
3026 0.9675
3010 0.96625
3046 0.97625
2986 0.9625
3054 0.975
