990 0.12375
3028 0.97125
2912 0.94
2942 0.95125
2934 0.95125
3014 0.97
3018 0.96875
2962 0.9475
2874 0.93375
3008 0.965
3036 0.97
3002 0.96625
3002 0.96
2966 0.955
2968 0.945
3002 0.965
2978 0.96125
2934 0.94375
2926 0.9525
2936 0.94125
2970 0.95875
3034 0.96875
3006 0.9675
2962 0.95875
2922 0.9525
3024 0.96875
3002 0.9575
3050 0.9725
2974 0.96
2936 0.95125
2918 0.95125
3068 0.97875
2938 0.95
3036 0.96875
2962 0.95625
2970 0.95375
2942 0.945
2926 0.94
2862 0.92625
3058 0.975
2970 0.96
2914 0.935
2978 0.95875
2980 0.96125
2792 0.9075
2994 0.9625
2884 0.9325
3022 0.97
3022 0.97125
3014 0.96875
2918 0.945
2908 0.9425
3036 0.97125
2998 0.96
2950 0.95375
2942 0.95375
2908 0.935
2982 0.96125
2944 0.955
2922 0.95125
2932 0.95125
3014 0.9625
2902 0.9475
2946 0.95375
2992 0.955
2906 0.9375
2966 0.95125
2946 0.95375
3006 0.965
2930 0.9475
2966 0.94625
2998 0.95875
2894 0.94125
3018 0.965
2978 0.96
3000 0.9625
2946 0.9525
2982 0.95875
2896 0.945
2914 0.945
2966 0.95625
2998 0.96625
2976 0.96
3016 0.96625
2970 0.96
3002 0.965
2922 0.945
2916 0.94125
2998 0.96375
3018 0.96875
2942 0.9525
2854 0.9325
3014 0.96375
3050 0.9725
2932 0.94375
2952 0.94625
2890 0.9425
2998 0.95375
2958 0.9575
3006 0.96625
2930 0.94875
3008 0.96375
2998 0.965
2922 0.94125
2990 0.96
3078 0.98
2986 0.9625
2968 0.95125
3010 0.965
3046 0.975
3038 0.96875
2896 0.94
2922 0.95
2918 0.94875
2926 0.955
2922 0.95375
2990 0.965
2900 0.9475
2970 0.95125
3006 0.95875
2958 0.955
2888 0.93875
3018 0.9675
3014 0.9675
2966 0.9525
2974 0.96
3062 0.975
2942 0.94875
2946 0.95
2970 0.955
2966 0.95625
2902 0.945
2938 0.94875
2966 0.9575
3054 0.975
2898 0.935
2924 0.93875
3068 0.9725
2962 0.95875
2966 0.95625
2974 0.95875
3018 0.96875
3054 0.97375
2950 0.95
2914 0.9375
3002 0.96
3038 0.97375
2980 0.96125
2916 0.95125
2886 0.94
2928 0.9525
2944 0.95125
3022 0.96875
2998 0.965
2962 0.95875
2884 0.945
2938 0.9525
3006 0.96625
2942 0.95
2934 0.95
3010 0.9675
3022 0.96375
3070 0.975
3066 0.9775
3028 0.9625
3050 0.9725
2922 0.945
2962 0.9575
2994 0.96
2864 0.9275
3046 0.97
2974 0.95375
2934 0.95125
2998 0.9625
2930 0.9475
2978 0.955
2954 0.9525
2876 0.94125
2980 0.96
2944 0.94875
2966 0.95375
2962 0.955
2930 0.945
2956 0.9575
2976 0.95875
2946 0.955
2950 0.9575
2994 0.9625
3038 0.96875
2954 0.95375
2938 0.95
2970 0.9575
3002 0.965
2978 0.96125
2942 0.95
2970 0.95
2894 0.92875
2948 0.9525
3034 0.96875
2926 0.95125
