1040 0.09
3010 0.96875
2762 0.915
2866 0.93625
2864 0.9375
2922 0.95
2894 0.9325
2924 0.95
2922 0.94625
2800 0.9125
2950 0.95625
2918 0.945
2942 0.93875
2838 0.9325
2906 0.93875
2964 0.95
2894 0.94375
2914 0.945
2946 0.9525
2826 0.92375
2902 0.935
2962 0.95125
2898 0.94625
2874 0.93
2902 0.93375
2866 0.93
2922 0.94375
2870 0.93625
2824 0.93
2892 0.94125
2902 0.935
2838 0.92875
2926 0.95
2870 0.93
2930 0.945
2930 0.95
2866 0.925
2960 0.96
2830 0.9125
2890 0.94375
2926 0.94875
2926 0.94875
2968 0.96
2904 0.945
2944 0.95125
2840 0.9175
2864 0.93625
2822 0.91375
2866 0.92125
2850 0.93125
2906 0.9375
2938 0.9475
2844 0.9225
2862 0.93625
2782 0.9
2826 0.9175
2830 0.92625
2918 0.93375
2792 0.91625
2816 0.91375
2920 0.95
2872 0.93875
3054 0.97
2926 0.945
2926 0.94375
2898 0.945
2866 0.93
2906 0.94375
2958 0.95375
2896 0.935
2890 0.9425
2900 0.93875
2854 0.93
2844 0.93
2702 0.88
2946 0.95
2888 0.93125
2842 0.925
2878 0.9425
2938 0.94625
2904 0.9475
2854 0.935
2906 0.9225
2972 0.96
3038 0.9725
2826 0.91625
2838 0.92625
2894 0.945
2774 0.91625
2920 0.94375
2840 0.91625
2888 0.945
2862 0.9325
2724 0.88125
2894 0.945
2854 0.935
2958 0.9575
2926 0.9475
2966 0.95125
2856 0.925
2752 0.91375
2952 0.95625
2846 0.91125
2948 0.94125
2838 0.92125
2794 0.92375
2776 0.9125
2906 0.93875
2782 0.905
2890 0.93
2946 0.95375
2930 0.94
2950 0.95375
2832 0.91875
2810 0.9125
2848 0.92625
2946 0.95375
2848 0.93125
2858 0.92625
2874 0.94
2838 0.9275
2752 0.9
2992 0.9575
2914 0.94375
2852 0.93625
2944 0.95625
2890 0.93375
2882 0.9425
2964 0.95375
2910 0.94
2920 0.9525
2806 0.9075
2916 0.945
2718 0.905
2976 0.95875
2866 0.93625
2798 0.9125
2900 0.94875
2926 0.95125
2914 0.93625
2886 0.9425
2886 0.935
2802 0.91125
2942 0.95125
2934 0.95
2866 0.94
2858 0.93625
2804 0.92625
2824 0.91375
2866 0.92375
2854 0.935
2910 0.94125
2962 0.9525
2938 0.95
2928 0.945
2894 0.93625
2926 0.95
2888 0.9425
2854 0.92875
2934 0.9475
2890 0.9325
2912 0.945
2856 0.9325
2794 0.9225
2886 0.93625
2878 0.93875
2890 0.93625
2866 0.93625
2790 0.9
2954 0.95
2826 0.9125
2912 0.94
2942 0.94625
2854 0.93125
2900 0.9425
2900 0.94125
2974 0.95375
2748 0.90375
2982 0.9625
2836 0.91875
2786 0.9125
2834 0.9225
2902 0.9375
2938 0.95375
2938 0.94625
2862 0.92125
2874 0.93625
2826 0.9225
2902 0.94375
2890 0.92875
2846 0.93875
2908 0.94
2926 0.95
2768 0.90875
2972 0.95375
2862 0.9275
2928 0.945
2910 0.94125
2882 0.9375
2850 0.93625
