1156 0.07
2930 0.2375
2930 0.13375
2946 0.08375
2950 -0.01625
2970 -0.2175
2994 -0.50625
3190 -0.99875
3198 -1
3198 -1
3190 -0.99875
3198 -1
3182 -0.9975
3198 -1
3198 -1
3190 -0.99875
3198 -1
3198 -1
3190 -0.99875
3198 -1
3198 -1
3198 -1
3198 -1
3190 -0.99875
3174 -0.99625
3198 -1
3182 -0.9975
3198 -1
3190 -0.99875
3190 -0.99875
3198 -1
3198 -1
3190 -0.99875
3198 -1
3182 -0.9975
3190 -0.99875
3190 -0.99875
3198 -1
3198 -1
3190 -0.99875
3190 -0.99875
3182 -0.9975
3198 -1
3190 -0.99875
3182 -0.9975
3182 -0.9975
3198 -1
3190 -0.99875
3198 -1
3190 -0.99875
3174 -0.99625
3190 -0.99875
3198 -1
3198 -1
3190 -0.99875
3198 -1
3190 -0.99875
3198 -1
3198 -1
3190 -0.99875
3198 -1
3182 -0.9975
3198 -1
3174 -0.99625
3190 -0.99875
3198 -1
3190 -0.99875
3198 -1
3198 -1
3198 -1
3190 -0.99875
3190 -0.99875
3198 -1
3198 -1
3186 -0.9975
3186 -0.9975
3190 -0.99875
3198 -1
3198 -1
3198 -1
3198 -1
3198 -1
3198 -1
3198 -1
3198 -1
3198 -1
3198 -1
3190 -0.99875
3182 -0.9975
3198 -1
3198 -1
3198 -1
3198 -1
3182 -0.9975
3198 -1
3198 -1
3198 -1
3198 -1
3198 -1
3186 -0.9975
3198 -1
3182 -0.9975
3198 -1
3198 -1
3198 -1
3182 -0.9975
3198 -1
3182 -0.9975
3198 -1
3198 -1
3198 -1
3198 -1
3198 -1
3190 -0.99875
3182 -0.9975
3182 -0.9975
3190 -0.99875
3190 -0.99875
3190 -0.99875
3190 -0.99875
3198 -1
3182 -0.9975
3198 -1
3198 -1
3190 -0.99875
3190 -0.99875
3198 -1
3198 -1
3198 -1
3182 -0.9975
3182 -0.9975
3198 -1
3190 -0.99875
3198 -1
3198 -1
3198 -1
3190 -0.99875
3198 -1
3190 -0.99875
3198 -1
3198 -1
3186 -0.9975
3174 -0.99625
3190 -0.99875
3198 -1
3198 -1
3198 -1
3182 -0.9975
3190 -0.99875
3198 -1
3198 -1
3190 -0.99875
3190 -0.99875
3198 -1
3190 -0.99875
3198 -1
3190 -0.99875
3198 -1
3190 -0.99875
3190 -0.99875
3198 -1
3198 -1
3198 -1
3190 -0.99875
3198 -1
3190 -0.99875
3198 -1
3190 -0.99875
3198 -1
3198 -1
3190 -0.99875
3190 -0.99875
3190 -0.99875
3198 -1
3190 -0.99875
3190 -0.99875
3190 -0.99875
3198 -1
3198 -1
3174 -0.99625
3182 -0.9975
3198 -1
3182 -0.9975
3198 -1
3198 -1
3198 -1
3182 -0.9975
3198 -1
3198 -1
3190 -0.99875
3186 -0.9975
3198 -1
3190 -0.99875
3198 -1
3198 -1
3198 -1
3190 -0.99875
3198 -1
3182 -0.9975
3198 -1
