822 -0.0825
2682 -0.495
2846 -0.935
2824 -0.92375
2836 -0.92875
2794 -0.915
2786 -0.9025
2786 -0.91375
2818 -0.915
2854 -0.93375
2866 -0.93625
2806 -0.905
2746 -0.8975
2846 -0.9325
2666 -0.87625
2782 -0.925
2826 -0.92375
2906 -0.945
2834 -0.93
2758 -0.915
2730 -0.89375
2646 -0.865
2898 -0.94375
2846 -0.9375
2846 -0.9175
2890 -0.93625
2914 -0.95
2718 -0.88375
2846 -0.93375
2746 -0.8975
2718 -0.88125
2738 -0.91125
2926 -0.94375
2822 -0.925
2850 -0.9125
2850 -0.935
2742 -0.89375
2866 -0.93
2710 -0.8925
2826 -0.90875
2778 -0.9225
2850 -0.92
2806 -0.92625
2870 -0.93625
2738 -0.905
2774 -0.89125
2702 -0.8975
2728 -0.90125
2874 -0.92
2722 -0.88625
2818 -0.92875
2810 -0.9175
2754 -0.89875
2798 -0.92
2938 -0.94875
2738 -0.89
2850 -0.93875
2834 -0.9275
2798 -0.925
2706 -0.895
2666 -0.88875
2710 -0.90125
2694 -0.8925
2814 -0.925
2794 -0.8925
2746 -0.915
2842 -0.92875
2626 -0.88125
2790 -0.925
2810 -0.91125
2808 -0.91125
2714 -0.88625
2750 -0.895
2742 -0.905
2818 -0.91625
2854 -0.9275
2802 -0.8925
2662 -0.8275
2774 -0.9225
2822 -0.925
2798 -0.91625
2898 -0.91875
2746 -0.90125
2794 -0.9075
2722 -0.89
2794 -0.82375
2742 -0.8975
2850 -0.9325
2634 -0.8675
2598 -0.76375
2830 -0.92625
2622 -0.8675
2890 -0.945
2890 -0.94125
2734 -0.90125
2758 -0.89875
2870 -0.93
2782 -0.9225
2930 -0.94625
2894 -0.94
2806 -0.92375
2690 -0.86875
2766 -0.91875
2838 -0.92875
2802 -0.915
2802 -0.92125
2850 -0.92625
2938 -0.945
2782 -0.885
2874 -0.93625
2774 -0.90375
2836 -0.93
2806 -0.9175
2702 -0.86375
2670 -0.88
2818 -0.91375
2766 -0.89
2794 -0.92125
2758 -0.905
2746 -0.89625
2836 -0.91375
2818 -0.91875
2782 -0.9075
2814 -0.9275
2842 -0.9275
2830 -0.92375
2774 -0.90125
2762 -0.91375
2766 -0.91125
2670 -0.88
2774 -0.91
2826 -0.935
2758 -0.905
2758 -0.90375
2906 -0.945
2738 -0.90625
2738 -0.90375
2822 -0.9075
2842 -0.9225
2740 -0.905
2846 -0.9275
2802 -0.91625
2718 -0.89
2842 -0.93375
2740 -0.9075
2822 -0.91375
2898 -0.94625
2642 -0.87
2786 -0.9225
2834 -0.92625
2846 -0.93
2778 -0.90375
2838 -0.93625
2770 -0.90125
2798 -0.9075
2782 -0.8975
2794 -0.90625
2786 -0.91625
2786 -0.9175
2886 -0.935
2798 -0.90125
2714 -0.86625
2858 -0.925
2770 -0.90625
2874 -0.93375
2834 -0.93
2746 -0.90125
2758 -0.9025
2786 -0.90875
2950 -0.9525
2662 -0.865
2754 -0.89875
2762 -0.895
2850 -0.92625
2818 -0.91625
2782 -0.90625
2874 -0.935
2698 -0.87125
2734 -0.90875
2852 -0.93625
2822 -0.9175
2786 -0.91625
2786 -0.91375
2742 -0.9125
2806 -0.915
2862 -0.91
2822 -0.9325
2602 -0.87375
2742 -0.90125
2742 -0.9025
2670 -0.88125
2874 -0.93125
2752 -0.8825
2838 -0.92375
2786 -0.90625
2804 -0.92125
2858 -0.9275
2852 -0.935
2750 -0.9
2810 -0.91875
