998 -0.0475
2512 -0.32625
2746 -0.8925
2758 -0.905
2838 -0.92875
2870 -0.935
2618 -0.87875
2874 -0.93
2902 -0.9425
2702 -0.89625
2766 -0.9075
2746 -0.87
2810 -0.91875
2762 -0.9175
2838 -0.93125
2814 -0.92875
2834 -0.935
2814 -0.9325
2788 -0.90375
2698 -0.86375
2742 -0.88
2706 -0.89
2818 -0.92875
2738 -0.91625
2778 -0.90625
2782 -0.915
2830 -0.925
2922 -0.93875
2706 -0.89625
2786 -0.9175
2834 -0.925
2852 -0.9325
2726 -0.9025
2794 -0.915
2734 -0.88625
2890 -0.9425
2690 -0.89
2874 -0.9325
2822 -0.9225
2690 -0.88625
2762 -0.9075
2790 -0.91875
2734 -0.8875
2742 -0.88375
2730 -0.9
2782 -0.89875
2766 -0.91
2766 -0.9
2788 -0.9125
2782 -0.9025
2914 -0.94625
2810 -0.92
2730 -0.8925
2706 -0.89
2786 -0.92
2746 -0.90125
2750 -0.915
2790 -0.9125
2918 -0.945
2802 -0.92
2794 -0.9225
2738 -0.90375
2774 -0.9125
2810 -0.92125
2848 -0.9225
2746 -0.90625
2714 -0.8975
2758 -0.9175
2806 -0.9175
2754 -0.89125
2694 -0.88
2762 -0.90375
2646 -0.86
2778 -0.91375
2854 -0.93375
2628 -0.83
2834 -0.92625
2698 -0.9025
2782 -0.90375
2914 -0.94375
2838 -0.92625
2822 -0.93125
2758 -0.9075
2728 -0.8575
2870 -0.94
2758 -0.90875
2806 -0.90875
2750 -0.91625
2766 -0.90625
2762 -0.915
2798 -0.9175
2746 -0.90375
2684 -0.85875
2810 -0.92
2790 -0.91875
2834 -0.92375
2838 -0.92375
2790 -0.9175
2766 -0.89875
2746 -0.9025
2654 -0.88125
2858 -0.94125
2778 -0.89875
2798 -0.9175
2786 -0.9225
2864 -0.93375
2722 -0.89
2862 -0.9275
2834 -0.9175
2758 -0.91
2886 -0.935
2778 -0.91875
2706 -0.885
2810 -0.91875
2658 -0.82
2782 -0.9125
2862 -0.93
2778 -0.89375
2848 -0.9225
2726 -0.8975
2770 -0.9125
2734 -0.91375
2678 -0.86375
2816 -0.9275
2798 -0.91125
2814 -0.92125
2710 -0.8825
2782 -0.91
2722 -0.90125
2780 -0.91
2738 -0.90875
2794 -0.9225
2578 -0.8525
2822 -0.92375
2826 -0.9225
2682 -0.8875
2674 -0.885
2806 -0.91375
2930 -0.9475
2858 -0.9325
2734 -0.8975
2850 -0.93875
2722 -0.88625
2726 -0.88
2886 -0.9425
2702 -0.88875
2622 -0.8625
2792 -0.915
2886 -0.94125
2742 -0.90375
2810 -0.905
2790 -0.90625
2826 -0.925
2750 -0.885
2762 -0.8975
2806 -0.89625
2878 -0.9375
2846 -0.9325
2794 -0.92375
2706 -0.86
2678 -0.87375
2806 -0.9175
2814 -0.91375
2614 -0.845
2636 -0.8775
2856 -0.9325
2694 -0.89
2852 -0.92875
2858 -0.93
2886 -0.94125
2784 -0.9125
2768 -0.90125
2746 -0.88625
2846 -0.925
2742 -0.9
2842 -0.9225
2958 -0.9575
2798 -0.91625
2870 -0.935
2802 -0.92375
2718 -0.89125
2840 -0.92875
2758 -0.90875
2962 -0.95875
2834 -0.9275
2790 -0.915
2706 -0.88
2800 -0.9
2874 -0.93125
2770 -0.91375
2822 -0.9125
2622 -0.855
2790 -0.90875
2738 -0.89
2762 -0.89125
2830 -0.93125
2810 -0.92125
2634 -0.8825
2958 -0.945
2734 -0.895
