894 0.14125
2474 -0.28
2786 -0.9025
2738 -0.89625
2710 -0.885
2798 -0.905
2826 -0.92875
2750 -0.90375
2914 -0.94625
2826 -0.9175
2814 -0.9125
2782 -0.9
2806 -0.91625
2758 -0.87875
2844 -0.93
2670 -0.88125
2818 -0.9275
2758 -0.89375
2710 -0.87875
2858 -0.93875
2786 -0.92
2650 -0.86
2666 -0.89125
2730 -0.9075
2778 -0.9175
2754 -0.91
2834 -0.9225
2762 -0.8975
2790 -0.92
2714 -0.8975
2794 -0.915
2762 -0.89625
2790 -0.91125
2826 -0.92
2718 -0.89875
2904 -0.91625
2818 -0.92125
2734 -0.89125
2710 -0.90375
2842 -0.935
2754 -0.90375
2794 -0.9175
2726 -0.905
2772 -0.905
2814 -0.92125
2794 -0.9125
2718 -0.9
2786 -0.90375
2886 -0.94375
2756 -0.9075
2778 -0.8975
2678 -0.86125
2806 -0.92875
2798 -0.92375
2838 -0.93125
2758 -0.8775
2674 -0.88375
2822 -0.91875
2802 -0.91875
2686 -0.87
2814 -0.92625
2754 -0.885
2806 -0.925
2838 -0.93125
2750 -0.91
2722 -0.88
2894 -0.93875
2694 -0.87875
2850 -0.93125
2566 -0.85125
2750 -0.91
2846 -0.93125
2694 -0.87625
2720 -0.90375
2790 -0.91875
2822 -0.9075
2758 -0.89875
2806 -0.9275
2690 -0.89
2786 -0.92
2814 -0.91
2662 -0.86375
2728 -0.89875
2822 -0.92125
2770 -0.9075
2906 -0.9425
2770 -0.90625
2650 -0.88875
2826 -0.93
2682 -0.87625
2738 -0.90125
2806 -0.87875
2706 -0.88125
2714 -0.9
2784 -0.91875
2814 -0.925
2714 -0.895
2658 -0.865
2698 -0.8675
2802 -0.925
2718 -0.89625
2894 -0.94
2710 -0.87625
2698 -0.89625
2786 -0.9175
2806 -0.92125
2798 -0.92125
2778 -0.91375
2702 -0.89375
2806 -0.92
2598 -0.80375
2582 -0.84625
2730 -0.89875
2798 -0.91625
2890 -0.945
2838 -0.925
2834 -0.9275
2714 -0.8975
2590 -0.86
2810 -0.9275
2774 -0.90625
2818 -0.93125
2778 -0.92
2810 -0.91125
2790 -0.91875
2692 -0.87375
2694 -0.8825
2678 -0.89
2654 -0.87875
2706 -0.90625
2750 -0.8975
2706 -0.865
2654 -0.875
2930 -0.9475
2886 -0.93875
2708 -0.88875
2798 -0.9075
2810 -0.90625
2758 -0.9
2654 -0.87625
2774 -0.915
2806 -0.91375
2730 -0.88375
2746 -0.8925
2706 -0.8925
2826 -0.9275
2838 -0.93
2774 -0.90875
2818 -0.925
2766 -0.9125
2686 -0.845
2858 -0.92
2734 -0.89875
2826 -0.92
2690 -0.905
2766 -0.92125
2750 -0.86125
2722 -0.885
2738 -0.905
2766 -0.90125
2842 -0.93375
2806 -0.91625
2790 -0.91875
2810 -0.91125
2810 -0.92625
2758 -0.91
2732 -0.89625
2738 -0.9025
2602 -0.855
2824 -0.9225
2622 -0.87
2830 -0.9175
2790 -0.91375
2838 -0.92875
2770 -0.9075
2622 -0.85375
2814 -0.92125
2770 -0.91
2730 -0.89625
2634 -0.86375
2822 -0.92375
2746 -0.895
2846 -0.9175
2758 -0.87375
2758 -0.91375
2746 -0.88875
2762 -0.9025
2822 -0.92875
2726 -0.885
2782 -0.9075
2782 -0.91625
2690 -0.87625
2814 -0.9275
2810 -0.90875
2762 -0.9075
2862 -0.92625
2738 -0.91
2670 -0.89
2798 -0.925
2806 -0.92125
