880 0.00125
2420 0.42375
2636 0.8275
2778 0.8975
2718 0.89375
2686 0.88375
2676 0.89125
2696 0.8925
2670 0.8675
2774 0.91
2798 0.91625
2572 0.8525
2768 0.91875
2780 0.9125
2878 0.9325
2532 0.8225
2720 0.88125
2732 0.91125
2708 0.89125
2690 0.88375
2834 0.925
2736 0.9075
2710 0.89375
2716 0.88625
2694 0.8725
2690 0.88375
2654 0.8775
2718 0.86875
2712 0.895
2656 0.8825
2742 0.90125
2734 0.88
2790 0.8975
2686 0.88875
2758 0.91375
2774 0.90375
2736 0.9075
2770 0.9175
2774 0.8975
2818 0.9175
2774 0.915
2846 0.9325
2930 0.95125
2888 0.93
2812 0.92125
2726 0.8825
2764 0.90125
2758 0.9
2790 0.915
2594 0.84
2842 0.93125
2798 0.91875
2648 0.8675
2706 0.895
2778 0.92
2658 0.87625
2668 0.87
2776 0.91875
2788 0.92
2806 0.90875
2640 0.875
2660 0.8925
2684 0.8925
2746 0.90125
2780 0.9075
2664 0.87875
2622 0.8475
2638 0.87125
2742 0.86875
2954 0.94875
2734 0.9
2836 0.93125
2802 0.9175
2610 0.8675
2838 0.9325
2776 0.92625
2758 0.9
2802 0.91
2658 0.86
2832 0.93375
2770 0.9
2686 0.8825
2856 0.93125
2734 0.9075
2822 0.91375
2526 0.78875
2738 0.905
2774 0.8975
2806 0.91
2786 0.9
2770 0.905
2794 0.9175
2960 0.95875
2654 0.8725
2674 0.88
2750 0.90375
2778 0.9075
2802 0.92375
2568 0.7825
2752 0.9
2946 0.94875
2712 0.90125
2778 0.90875
2682 0.88625
2786 0.9075
2824 0.9275
2748 0.89
2722 0.89125
2782 0.89125
2864 0.9025
2792 0.91125
2852 0.93125
2768 0.90875
2716 0.89
2702 0.88375
2810 0.92375
2758 0.90875
2826 0.9325
2686 0.88875
2722 0.9
2730 0.8925
2740 0.895
2822 0.90125
2742 0.84375
2690 0.8625
2626 0.85875
2762 0.9075
2820 0.91875
2716 0.895
2780 0.91125
2762 0.9125
2738 0.8925
2798 0.91875
2734 0.91375
2766 0.91875
2724 0.9
2806 0.9175
2736 0.905
2818 0.92125
2698 0.905
2870 0.93625
2566 0.8425
2780 0.89375
2724 0.8975
2750 0.9
2846 0.9225
2700 0.89625
2682 0.89
2720 0.88875
2764 0.905
2652 0.85
2800 0.8975
2762 0.91375
2726 0.8925
2828 0.93
2726 0.8925
2674 0.88125
2792 0.9125
2850 0.9025
2814 0.925
2886 0.93
2770 0.89875
2796 0.9225
2664 0.875
2898 0.91375
2652 0.87125
2812 0.91625
2894 0.92625
2626 0.87625
2798 0.9225
2830 0.9275
2832 0.92125
2840 0.92375
2794 0.915
2852 0.915
2670 0.84375
2742 0.895
2822 0.92625
2626 0.8375
2676 0.8875
2748 0.89125
2670 0.88625
2814 0.925
2922 0.9325
2692 0.88625
2764 0.89
2842 0.905
2782 0.91375
2690 0.89375
2818 0.92
2844 0.9225
2706 0.89375
2728 0.89875
2734 0.89875
2830 0.92625
2712 0.8975
2646 0.8775
2822 0.91375
2756 0.9025
2802 0.925
