1038 0.005
2686 -0.88375
2634 -0.8825
2762 -0.9175
2846 -0.9325
2710 -0.89625
2778 -0.90875
2668 -0.87375
2750 -0.9025
2774 -0.9
2890 -0.94625
2882 -0.935
2854 -0.93625
2650 -0.8625
2758 -0.90875
2826 -0.93
2612 -0.84
2718 -0.90625
2642 -0.875
2678 -0.8875
2656 -0.875
2730 -0.88
2780 -0.91125
2730 -0.87375
2690 -0.8875
2694 -0.8975
2632 -0.88125
2530 -0.84125
2730 -0.88
2714 -0.89625
2690 -0.8575
2742 -0.9075
2684 -0.88375
2870 -0.93125
2750 -0.8975
2734 -0.8875
2710 -0.87125
2666 -0.87375
2742 -0.90625
2670 -0.86875
2710 -0.885
2774 -0.9175
2802 -0.9125
2734 -0.8875
2836 -0.92375
2782 -0.915
2834 -0.93
2782 -0.9075
2754 -0.90875
2706 -0.88875
2818 -0.92625
2508 -0.8025
2726 -0.8925
2702 -0.89875
2990 -0.955
2766 -0.9125
2726 -0.90375
2704 -0.8725
2734 -0.89875
2798 -0.91125
2650 -0.8825
2710 -0.88125
2690 -0.8675
2602 -0.87625
2766 -0.915
2728 -0.8925
2866 -0.91875
2704 -0.89375
2746 -0.90125
2914 -0.9475
2750 -0.88125
2618 -0.8225
2674 -0.885
2718 -0.88375
2498 -0.79
2878 -0.9375
2542 -0.8375
2778 -0.915
2702 -0.87625
2754 -0.91
2798 -0.90375
2746 -0.9
2642 -0.86125
2762 -0.9175
2786 -0.92
2666 -0.89625
2658 -0.87375
2878 -0.93
2874 -0.93625
2810 -0.91
2718 -0.89625
2648 -0.86875
2750 -0.90625
2754 -0.89
2830 -0.91375
2840 -0.92625
2666 -0.84625
2802 -0.92125
2786 -0.91125
2738 -0.88875
2714 -0.8975
2634 -0.845
2598 -0.8425
2698 -0.8825
2702 -0.89375
2806 -0.91875
2646 -0.88625
2834 -0.93125
2836 -0.915
2774 -0.9075
2746 -0.90125
2710 -0.90875
2678 -0.8725
2666 -0.87875
2802 -0.92125
2694 -0.90125
2754 -0.875
2702 -0.87625
2834 -0.93
2706 -0.88125
2822 -0.92625
2790 -0.91375
2650 -0.89375
2814 -0.92
2786 -0.91
2710 -0.89125
2778 -0.91
2758 -0.88875
2674 -0.89625
2838 -0.9
2758 -0.905
2754 -0.88375
2806 -0.91375
2830 -0.925
2670 -0.8725
2664 -0.89125
2762 -0.885
2686 -0.8875
2790 -0.91375
2746 -0.9
2658 -0.86375
2786 -0.91
2662 -0.88
2850 -0.91625
2666 -0.88125
2758 -0.9025
2794 -0.9225
2774 -0.90875
2766 -0.9125
2698 -0.89375
2798 -0.925
2730 -0.8975
2706 -0.89875
2762 -0.90375
2798 -0.9
2738 -0.8975
2778 -0.9175
2766 -0.91875
2692 -0.9025
2694 -0.89625
2690 -0.89125
2850 -0.93375
2726 -0.90125
2558 -0.86375
2810 -0.92375
2814 -0.91375
2710 -0.89375
2830 -0.9225
2802 -0.91125
2760 -0.89375
2610 -0.83625
2742 -0.905
2546 -0.83875
2690 -0.9
2702 -0.88875
2826 -0.9175
2806 -0.91125
2706 -0.88375
2718 -0.89875
2654 -0.8925
2650 -0.88
2818 -0.92
2732 -0.89
2762 -0.9075
2752 -0.90375
2734 -0.88
2846 -0.92375
2722 -0.9025
2802 -0.92625
2758 -0.8975
2838 -0.93
2582 -0.8575
2790 -0.91
2742 -0.89625
2770 -0.9175
2726 -0.88625
2634 -0.85625
2822 -0.92375
2846 -0.9175
2714 -0.90125
