962 0.1075
2660 0.85375
2634 0.855
2702 0.88
2802 0.9275
2674 0.87375
2774 0.90125
2606 0.85625
2674 0.8825
2754 0.905
2770 0.91125
2678 0.88
2742 0.8875
2754 0.90125
2600 0.86375
2744 0.82875
2806 0.91375
2710 0.88875
2688 0.8775
2686 0.8825
2784 0.9175
2700 0.89625
2690 0.8925
2790 0.91875
2744 0.90375
2734 0.89125
2810 0.9175
2708 0.90875
2568 0.85375
2790 0.91875
2686 0.895
2814 0.92125
2844 0.925
2874 0.93625
2790 0.92
2572 0.8325
2718 0.9
2662 0.87375
2742 0.895
2742 0.905
2742 0.895
2644 0.855
2676 0.88875
2710 0.87125
2636 0.87375
2744 0.89625
2862 0.935
2696 0.88625
2696 0.8775
2734 0.8975
2646 0.8725
2658 0.88
2714 0.90875
2610 0.845
2682 0.8875
2772 0.90375
2750 0.88875
2766 0.91
2698 0.8875
2782 0.8925
2808 0.92125
2814 0.9175
2724 0.89875
2706 0.8825
2618 0.85125
2726 0.905
2678 0.8625
2790 0.925
2720 0.89
2874 0.9275
2772 0.9
2730 0.895
2654 0.84375
2718 0.90625
2632 0.86875
2838 0.92375
2718 0.885
2734 0.905
2706 0.895
2678 0.8775
2566 0.85125
2686 0.87375
2594 0.8575
2768 0.905
2648 0.8625
2830 0.93125
2718 0.90375
2818 0.9125
2710 0.8525
2642 0.8825
2742 0.8975
2822 0.89375
2644 0.86875
2734 0.89
2592 0.8475
2790 0.9175
2616 0.87125
2788 0.91375
2770 0.9225
2536 0.85125
2750 0.91125
2742 0.9175
2730 0.89125
2706 0.905
2578 0.83125
2710 0.8675
2776 0.91375
2828 0.925
2730 0.9
2610 0.8575
2778 0.91625
2584 0.86375
2726 0.8975
2788 0.8975
2738 0.9075
2848 0.92625
2688 0.87625
2696 0.87375
2714 0.875
2746 0.9025
2838 0.92625
2776 0.9
2726 0.88875
2806 0.925
2738 0.9025
2618 0.8775
2636 0.88
2758 0.91375
2782 0.9175
2710 0.895
2680 0.89125
2706 0.9025
2708 0.87125
2764 0.8825
2758 0.9075
2654 0.8775
2636 0.875
2598 0.86125
2746 0.9025
2562 0.86125
2752 0.9075
2706 0.87875
2758 0.91125
2828 0.92375
2594 0.8225
2546 0.83375
2814 0.9225
2758 0.8925
2706 0.895
2686 0.89875
2780 0.9175
2712 0.90375
2736 0.90125
2754 0.91125
2836 0.9175
2706 0.88375
2774 0.9175
2626 0.87625
2730 0.8975
2774 0.90625
2682 0.87625
2534 0.83625
2586 0.8725
2730 0.8875
2740 0.89375
2806 0.91125
2722 0.90625
2640 0.87375
2666 0.86875
2786 0.91125
2754 0.88625
2666 0.8725
2592 0.7775
2640 0.8575
2754 0.90875
2660 0.87125
2878 0.93
2726 0.90125
2704 0.83625
2680 0.89375
2648 0.86
2636 0.88375
2794 0.9175
2868 0.93
2718 0.89375
2604 0.86625
2802 0.90875
2812 0.9225
2666 0.885
2774 0.905
2688 0.8675
2810 0.915
2706 0.88375
2710 0.895
2738 0.90125
2594 0.865
2658 0.8725
2626 0.85625
2658 0.8575
2788 0.90125
