974 -0.05875
2762 -0.9075
2586 -0.8425
2790 -0.90875
2702 -0.86625
2630 -0.86125
2726 -0.90625
2744 -0.915
2822 -0.92375
2722 -0.8825
2658 -0.8725
2734 -0.9075
2558 -0.74
2732 -0.885
2654 -0.8825
2766 -0.90375
2726 -0.88875
2794 -0.92
2818 -0.92125
2742 -0.89875
2558 -0.84
2664 -0.8475
2738 -0.895
2574 -0.8575
2630 -0.87
2762 -0.9
2658 -0.86375
2734 -0.9125
2730 -0.8975
2862 -0.935
2546 -0.8325
2566 -0.85
2686 -0.88625
2766 -0.89375
2594 -0.86625
2798 -0.9075
2638 -0.87625
2818 -0.9175
2646 -0.85
2670 -0.8675
2730 -0.8825
2730 -0.8925
2850 -0.93625
2474 -0.74
2782 -0.915
2798 -0.92
2622 -0.8525
2838 -0.93
2640 -0.88625
2702 -0.90125
2658 -0.87375
2762 -0.915
2726 -0.87625
2678 -0.8825
2696 -0.88625
2670 -0.88375
2622 -0.87375
2700 -0.88625
2622 -0.87
2738 -0.88875
2682 -0.87375
2702 -0.9
2586 -0.85
2726 -0.89125
2832 -0.93125
2714 -0.8925
2778 -0.9125
2582 -0.84625
2636 -0.88125
2706 -0.87875
2468 -0.81875
2774 -0.91125
2566 -0.8425
2754 -0.89625
2842 -0.93375
2774 -0.91
2690 -0.895
2734 -0.9025
2742 -0.90375
2580 -0.8625
2822 -0.91125
2782 -0.905
2894 -0.9375
2758 -0.91
2730 -0.9
2674 -0.8125
2634 -0.755
2656 -0.87125
2750 -0.90375
2750 -0.87
2594 -0.84
2626 -0.8725
2798 -0.9225
2652 -0.88125
2634 -0.88
2814 -0.92
2586 -0.8675
2718 -0.90125
2674 -0.8925
2666 -0.9
2838 -0.92125
2698 -0.8925
2694 -0.8675
2606 -0.80375
2678 -0.8875
2678 -0.875
2760 -0.90375
2782 -0.9175
2794 -0.88375
2774 -0.91625
2754 -0.90625
2678 -0.89
2754 -0.9025
2610 -0.8625
2714 -0.8975
2822 -0.92375
2586 -0.82875
2546 -0.855
2744 -0.91625
2782 -0.92
2734 -0.89625
2756 -0.89875
2774 -0.89875
2722 -0.89625
2542 -0.8325
2786 -0.9075
2770 -0.90875
2778 -0.91875
2850 -0.92625
2778 -0.87875
2822 -0.915
2750 -0.9075
2626 -0.8775
2830 -0.92
2614 -0.84875
2734 -0.91375
2778 -0.905
2794 -0.92
2878 -0.9425
2746 -0.8975
2762 -0.89
2734 -0.89
2786 -0.91125
2714 -0.9025
2712 -0.89125
2702 -0.89375
2654 -0.8775
2802 -0.9175
2774 -0.9075
2678 -0.89375
2734 -0.90625
2510 -0.74375
2690 -0.8925
2746 -0.905
2718 -0.895
2750 -0.9025
2772 -0.9025
2782 -0.915
2718 -0.8825
2742 -0.90125
2754 -0.91
2698 -0.8925
2566 -0.8475
2670 -0.88
2642 -0.8525
2766 -0.91
2616 -0.8325
2762 -0.895
2534 -0.835
2818 -0.9325
2662 -0.86625
2634 -0.88625
2614 -0.85
2716 -0.8975
2654 -0.88625
2750 -0.91
2734 -0.905
2670 -0.88
2722 -0.8875
2518 -0.77125
2702 -0.88125
2672 -0.87875
2730 -0.90375
2626 -0.8375
2698 -0.86375
2710 -0.8975
2690 -0.8725
2554 -0.85
2778 -0.90875
2784 -0.89125
2578 -0.86875
2726 -0.8925
2678 -0.87125
2702 -0.87875
2748 -0.92125
2666 -0.885
2706 -0.885
2770 -0.91125
2698 -0.89375
2682 -0.8625
