958 0.00875
2718 -0.89125
2782 -0.8825
2662 -0.87875
2650 -0.865
2642 -0.86125
2638 -0.87125
2774 -0.9
2654 -0.865
2694 -0.88875
2666 -0.87625
2790 -0.915
2674 -0.85
2734 -0.90125
2730 -0.90625
2674 -0.8825
2682 -0.89125
2758 -0.90375
2758 -0.9025
2778 -0.92375
2774 -0.90125
2766 -0.90125
2558 -0.825
2724 -0.90125
2714 -0.895
2772 -0.92125
2830 -0.92375
2598 -0.83875
2660 -0.86375
2668 -0.8775
2686 -0.885
2794 -0.925
2674 -0.8725
2630 -0.8575
2626 -0.8375
2830 -0.93125
2830 -0.9125
2834 -0.91875
2766 -0.9075
2630 -0.84625
2738 -0.9025
2682 -0.87875
2686 -0.88625
2624 -0.87375
2610 -0.8325
2754 -0.905
2730 -0.8875
2594 -0.8675
2646 -0.875
2802 -0.92875
2658 -0.7725
2802 -0.90875
2726 -0.89875
2620 -0.8675
2898 -0.9275
2658 -0.8925
2570 -0.80125
2634 -0.85375
2496 -0.8025
2690 -0.88875
2772 -0.9075
2686 -0.85625
2756 -0.89375
2770 -0.91
2706 -0.9
2742 -0.91125
2602 -0.86375
2610 -0.86125
2774 -0.90875
2674 -0.86625
2604 -0.8525
2806 -0.925
2710 -0.8825
2646 -0.8725
2642 -0.8675
2702 -0.89875
2762 -0.915
2774 -0.915
2730 -0.89875
2610 -0.8675
2734 -0.8925
2594 -0.84625
2666 -0.86625
2786 -0.905
2662 -0.84625
2722 -0.86625
2662 -0.8625
2634 -0.85125
2728 -0.90125
2734 -0.86875
2814 -0.92
2670 -0.85625
2758 -0.8525
2874 -0.93625
2774 -0.91375
2714 -0.8475
2746 -0.8825
2638 -0.8175
2542 -0.8225
2650 -0.87625
2690 -0.895
2718 -0.88625
2718 -0.9075
2706 -0.88875
2718 -0.8925
2666 -0.875
2694 -0.89625
2738 -0.905
2802 -0.91875
2730 -0.87875
2794 -0.9175
2610 -0.86375
2742 -0.905
2642 -0.88375
2682 -0.885
2698 -0.84375
2720 -0.895
2862 -0.91
2642 -0.85375
2678 -0.885
2590 -0.87625
2706 -0.89625
2682 -0.8725
2686 -0.88375
2630 -0.8525
2630 -0.85625
2770 -0.90625
2726 -0.90875
2650 -0.845
2714 -0.86375
2710 -0.88375
2658 -0.86375
2770 -0.9025
2582 -0.8525
2810 -0.91875
2794 -0.9225
2678 -0.895
2686 -0.88875
2654 -0.875
2690 -0.89
2802 -0.91375
2786 -0.91125
2694 -0.895
2632 -0.8575
2714 -0.9025
2790 -0.91875
2622 -0.8675
2790 -0.9175
2806 -0.91125
2750 -0.90625
2806 -0.9075
2750 -0.9
2838 -0.9225
2634 -0.86875
2762 -0.90625
2834 -0.92875
2786 -0.89
2806 -0.9125
2666 -0.85375
2570 -0.81625
2654 -0.865
2930 -0.95125
2582 -0.825
2766 -0.90875
2650 -0.87625
2760 -0.91
2842 -0.935
2746 -0.90125
2574 -0.86125
2554 -0.79
2750 -0.8875
2694 -0.87125
2660 -0.85125
2760 -0.89375
2710 -0.89625
2350 -0.7475
2706 -0.84
2706 -0.88
2682 -0.89625
2758 -0.88625
2734 -0.89625
2696 -0.89125
2656 -0.88
2582 -0.85875
2814 -0.91875
2650 -0.875
2714 -0.8975
2638 -0.84375
2566 -0.835
2662 -0.8875
2750 -0.885
2778 -0.90625
2818 -0.91625
2518 -0.8475
2866 -0.94
2742 -0.8975
2702 -0.87
2750 -0.90375
2710 -0.8975
2710 -0.90375
