1032 0.11625
2674 0.88375
2538 0.81625
2646 0.875
2488 0.80375
2818 0.9275
2604 0.83625
2548 0.8425
2502 0.80375
2718 0.90625
2768 0.8975
2802 0.92
2722 0.88125
2722 0.88625
2638 0.875
2652 0.8775
2802 0.91625
2648 0.84875
2756 0.9125
2634 0.87625
2738 0.88
2770 0.92
2722 0.86625
2628 0.85625
2642 0.88625
2518 0.79
2726 0.89625
2698 0.88875
2722 0.89125
2730 0.90125
2554 0.82625
2682 0.90125
2900 0.9425
2514 0.81625
2598 0.87
2758 0.91
2750 0.8925
2646 0.87625
2688 0.86625
2644 0.86
2702 0.84375
2698 0.86875
2720 0.9025
2700 0.885
2632 0.86
2640 0.8575
2666 0.835
2702 0.89125
2856 0.93
2686 0.89
2718 0.89875
2578 0.85
2704 0.875
2752 0.91125
2736 0.88
2674 0.88875
2714 0.87625
2708 0.8825
2714 0.88375
2766 0.9025
2738 0.89875
2734 0.9075
2654 0.86
2736 0.9025
2670 0.88125
2790 0.92125
2740 0.905
2726 0.90625
2820 0.9075
2652 0.8775
2678 0.86
2658 0.8825
2788 0.91875
2722 0.89
2722 0.9025
2794 0.90125
2588 0.8525
2686 0.86375
2752 0.905
2668 0.865
2778 0.905
2732 0.90875
2660 0.8575
2674 0.875
2662 0.8325
2704 0.87625
2830 0.925
2654 0.88
2526 0.84875
2710 0.8925
2688 0.8975
2600 0.8575
2782 0.89875
2794 0.87875
2746 0.9175
2718 0.8825
2682 0.85875
2718 0.895
2576 0.8375
2790 0.92375
2672 0.88125
2636 0.86875
2718 0.88375
2702 0.89375
2582 0.86125
2572 0.8425
2714 0.895
2518 0.8275
2818 0.915
2634 0.86125
2586 0.8525
2574 0.87125
2740 0.8975
2584 0.8475
2528 0.83375
2644 0.89625
2506 0.82375
2654 0.85625
2650 0.86625
2692 0.87
2730 0.9075
2722 0.89
2728 0.9
2738 0.89875
2686 0.885
2720 0.8975
2630 0.86875
2728 0.88
2626 0.86125
2530 0.83875
2518 0.7775
2774 0.9025
2670 0.87125
2726 0.9025
2624 0.86
2714 0.88625
2672 0.895
2582 0.855
2518 0.83625
2686 0.87125
2534 0.84
2616 0.8525
2740 0.90625
2680 0.8775
2606 0.86875
2690 0.89125
2530 0.85375
2820 0.90875
2626 0.79625
2638 0.8625
2794 0.915
2706 0.89
2634 0.7975
2698 0.89
2610 0.8525
2770 0.90875
2750 0.89625
2904 0.94375
2786 0.9125
2610 0.875
2546 0.87
2712 0.90375
2668 0.86875
2762 0.87875
2626 0.815
2560 0.8225
2696 0.88375
2806 0.9275
2746 0.905
2686 0.895
2646 0.8625
2698 0.86125
2734 0.86625
2658 0.86625
2666 0.87
2558 0.80125
2794 0.91375
2784 0.9075
2648 0.8675
2658 0.8725
2762 0.91375
2604 0.8425
2754 0.9075
2560 0.84125
2732 0.89875
2690 0.88375
2818 0.91875
2770 0.91125
2744 0.9
2670 0.87875
2722 0.85625
2678 0.885
2742 0.90125
2642 0.79125
2702 0.8975
2742 0.89875
2648 0.8375
2698 0.8825
2572 0.85125
2742 0.91
