942 0.0625
2728 0.8975
2548 0.82375
2604 0.8625
2494 0.6175
2576 0.815
2632 0.855
2624 0.85875
2602 0.80125
2566 0.85
2678 0.8925
2618 0.87
2670 0.8775
2680 0.89625
2730 0.9025
2670 0.89
2810 0.92
2624 0.86875
2490 0.76875
2724 0.89875
2638 0.80375
2678 0.88
2678 0.8575
2738 0.90125
2620 0.87
2682 0.8925
2678 0.87125
2504 0.7725
2726 0.90125
2686 0.88875
2662 0.875
2792 0.9125
2554 0.82625
2670 0.855
2682 0.8725
2582 0.8275
2718 0.90125
2768 0.89375
2594 0.8375
2660 0.8525
2632 0.8825
2598 0.8325
2834 0.925
2772 0.9075
2586 0.83125
2662 0.87375
2732 0.88625
2574 0.87125
2518 0.8025
2616 0.8575
2508 0.79125
2610 0.84625
2636 0.86625
2588 0.82625
2628 0.85875
2736 0.8975
2684 0.8675
2602 0.85875
2544 0.84875
2730 0.90625
2850 0.92625
2586 0.83375
2688 0.9
2758 0.9125
2686 0.8675
2582 0.865
2558 0.78375
2718 0.90125
2626 0.88625
2874 0.94375
2766 0.88875
2666 0.8675
2506 0.8125
2716 0.9025
2686 0.8875
2740 0.885
2698 0.8525
2726 0.87125
2692 0.8725
2704 0.8525
2648 0.80875
2686 0.8675
2630 0.845
2672 0.86875
2508 0.8275
2748 0.88125
2616 0.8525
2740 0.90125
2722 0.865
2704 0.87125
2706 0.8725
2642 0.8625
2666 0.885
2634 0.84625
2658 0.8975
2692 0.88875
2656 0.875
2626 0.8275
2704 0.89
2658 0.85875
2682 0.875
2746 0.91
2818 0.925
2750 0.90125
2562 0.84875
2710 0.89125
2708 0.87375
2634 0.83375
2702 0.8975
2642 0.87625
2658 0.85125
2722 0.9025
2818 0.90875
2766 0.90125
2650 0.865
2748 0.90625
2526 0.8375
2542 0.845
2802 0.915
2706 0.89375
2452 0.78125
2760 0.8925
2640 0.87375
2670 0.8825
2530 0.77625
2778 0.91375
2828 0.92125
2626 0.8425
2650 0.88
2602 0.87
2748 0.875
2680 0.8925
2706 0.8875
2594 0.85625
2676 0.89625
2618 0.87125
2746 0.8975
2700 0.8875
2684 0.8875
2658 0.86875
2622 0.85375
2742 0.89375
2842 0.93875
2682 0.87875
2678 0.8625
2600 0.8675
2500 0.8375
2620 0.8775
2646 0.88375
2692 0.8825
2622 0.87375
2634 0.8875
2646 0.85625
2672 0.8675
2668 0.87625
2430 0.77625
2666 0.875
2546 0.8325
2642 0.8275
2706 0.89375
2566 0.83
2572 0.83875
2496 0.83125
2686 0.85625
2668 0.875
2538 0.84375
2568 0.8275
2574 0.87
2642 0.84125
2604 0.8325
2670 0.8775
2670 0.8675
2640 0.86375
2662 0.855
2670 0.87
2748 0.89375
2582 0.84875
2676 0.8825
2778 0.91125
2590 0.8375
2624 0.86625
2756 0.8875
2626 0.83
2738 0.8475
2626 0.86625
2664 0.88375
2662 0.87875
2658 0.86625
2686 0.885
2778 0.91
2700 0.905
2798 0.90375
2714 0.87125
2774 0.87875
2576 0.85125
2486 0.81625
2730 0.885
2680 0.87375
2574 0.84125
2756 0.91
