978 0.02
2642 -0.8125
2710 -0.86875
2706 -0.8925
2698 -0.895
2674 -0.87625
2618 -0.8625
2734 -0.86625
2642 -0.875
2594 -0.8375
2530 -0.8375
2634 -0.85625
2642 -0.8575
2722 -0.89875
2606 -0.86
2710 -0.9
2782 -0.89875
2738 -0.9025
2654 -0.87875
2582 -0.83125
2554 -0.82875
2482 -0.81875
2698 -0.87375
2766 -0.91125
2706 -0.8925
2490 -0.78875
2622 -0.7775
2626 -0.85625
2706 -0.90625
2682 -0.86625
2646 -0.88375
2686 -0.875
2778 -0.915
2750 -0.905
2574 -0.7825
2658 -0.8525
2710 -0.90125
2538 -0.835
2502 -0.83875
2536 -0.84625
2654 -0.88
2562 -0.85
2616 -0.87375
2706 -0.8975
2754 -0.90125
2570 -0.865
2638 -0.865
2674 -0.875
2566 -0.79875
2666 -0.86
2650 -0.8825
2758 -0.89625
2750 -0.90875
2690 -0.8775
2714 -0.89375
2542 -0.85375
2694 -0.8975
2610 -0.8575
2682 -0.89125
2578 -0.845
2706 -0.8825
2594 -0.85375
2730 -0.9025
2670 -0.86875
2686 -0.88
2628 -0.86
2662 -0.87125
2626 -0.86875
2686 -0.89125
2718 -0.9
2490 -0.81125
2770 -0.90375
2718 -0.80625
2602 -0.8125
2634 -0.8675
2766 -0.90625
2738 -0.9075
2654 -0.87875
2722 -0.8925
2574 -0.83875
2714 -0.89875
2534 -0.85375
2734 -0.865
2458 -0.82375
2766 -0.91
2746 -0.9
2678 -0.875
2562 -0.86125
2778 -0.9175
2610 -0.86875
2742 -0.8925
2618 -0.8675
2486 -0.82375
2774 -0.905
2730 -0.9
2722 -0.8975
2538 -0.8125
2690 -0.86875
2602 -0.87625
2834 -0.92
2802 -0.915
2698 -0.885
2778 -0.91
2638 -0.85
2618 -0.8625
2642 -0.85375
2682 -0.88125
2754 -0.91375
2606 -0.845
2682 -0.88125
2710 -0.89875
2622 -0.83875
2616 -0.8575
2698 -0.8925
2406 -0.795
2470 -0.78625
2682 -0.89125
2622 -0.815
2690 -0.89375
2474 -0.80625
2722 -0.90125
2670 -0.8925
2634 -0.86125
2810 -0.9225
2638 -0.87875
2458 -0.7675
2672 -0.86
2598 -0.84875
2650 -0.8325
2698 -0.8925
2862 -0.9325
2606 -0.8325
2776 -0.9125
2650 -0.87375
2634 -0.84125
2802 -0.8875
2484 -0.81125
2594 -0.8525
2652 -0.875
2758 -0.89375
2750 -0.89625
2618 -0.83375
2770 -0.91375
2810 -0.92625
2646 -0.8725
2646 -0.86
2554 -0.83125
2574 -0.84875
2602 -0.86375
2734 -0.8675
2622 -0.85875
2582 -0.8675
2750 -0.915
2802 -0.905
2706 -0.88375
2582 -0.84125
2798 -0.925
2670 -0.8825
2786 -0.91625
2738 -0.9075
2712 -0.8925
2658 -0.88
2654 -0.88125
2634 -0.82875
2790 -0.9175
2754 -0.895
2622 -0.8625
2622 -0.8475
2802 -0.91375
2734 -0.9
2706 -0.885
2630 -0.85875
2678 -0.88
2562 -0.85
2626 -0.87125
2662 -0.88
2546 -0.705
2522 -0.7775
2658 -0.875
2506 -0.815
2674 -0.87625
2538 -0.815
2622 -0.85375
2626 -0.865
2602 -0.8475
2474 -0.805
2626 -0.85125
2502 -0.8225
2614 -0.86
2654 -0.845
2678 -0.87375
2682 -0.87625
2662 -0.87125
2758 -0.8875
2782 -0.9075
2664 -0.88375
2738 -0.8975
2706 -0.8875
2570 -0.855
2598 -0.8625
