1016 -0.1875
2586 -0.855
2750 -0.90625
2594 -0.865
2690 -0.8675
2528 -0.835
2714 -0.895
2634 -0.86875
2686 -0.875
2594 -0.865
2726 -0.90375
2718 -0.8975
2526 -0.81875
2652 -0.875
2784 -0.90875
2678 -0.87375
2630 -0.84
2652 -0.87
2630 -0.87625
2734 -0.9025
2530 -0.85125
2510 -0.805
2738 -0.88875
2806 -0.90625
2566 -0.86
2658 -0.885
2758 -0.9
2626 -0.81625
2690 -0.885
2544 -0.815
2646 -0.885
2750 -0.91375
2622 -0.84625
2590 -0.85625
2730 -0.88375
2544 -0.8475
2718 -0.8675
2546 -0.8275
2562 -0.81
2510 -0.8375
2766 -0.90375
2774 -0.92
2786 -0.89875
2550 -0.8325
2698 -0.89625
2798 -0.9225
2814 -0.92625
2578 -0.85
2630 -0.85375
2662 -0.87375
2746 -0.8475
2818 -0.92625
2430 -0.8125
2642 -0.86625
2458 -0.81875
2654 -0.86
2674 -0.87125
2710 -0.905
2730 -0.89375
2582 -0.845
2674 -0.88375
2470 -0.81125
2476 -0.7875
2426 -0.795
2658 -0.8675
2730 -0.91
2624 -0.88125
2562 -0.84125
2698 -0.86
2478 -0.80125
2616 -0.85
2678 -0.85875
2734 -0.9025
2654 -0.86625
2638 -0.87625
2634 -0.87125
2510 -0.76125
2674 -0.88
2698 -0.88875
2502 -0.82875
2646 -0.86625
2722 -0.875
2462 -0.8025
2510 -0.8125
2634 -0.86625
2666 -0.865
2706 -0.88375
2730 -0.8975
2510 -0.80625
2682 -0.8875
2534 -0.84
2598 -0.85375
2690 -0.855
2606 -0.8475
2590 -0.865
2650 -0.87125
2694 -0.88625
2766 -0.91625
2586 -0.8525
2660 -0.865
2654 -0.87625
2558 -0.855
2626 -0.87125
2586 -0.85375
2726 -0.905
2730 -0.91
2686 -0.88625
2676 -0.88125
2722 -0.89375
2706 -0.88875
2518 -0.7925
2618 -0.87
2710 -0.8825
2624 -0.87625
2518 -0.78875
2610 -0.8425
2674 -0.90625
2518 -0.82
2642 -0.84125
2678 -0.88625
2590 -0.825
2530 -0.7875
2714 -0.88875
2654 -0.87375
2578 -0.81
2636 -0.8775
2746 -0.88875
2634 -0.85875
2504 -0.80375
2626 -0.875
2470 -0.83125
2678 -0.8775
2738 -0.91
2734 -0.90125
2654 -0.8675
2666 -0.88875
2534 -0.84125
2694 -0.8825
2806 -0.93
2682 -0.875
2574 -0.79875
2738 -0.9025
2710 -0.88625
2762 -0.90875
2694 -0.885
2604 -0.8375
2578 -0.825
2626 -0.8825
2466 -0.76125
2598 -0.85125
2656 -0.8825
2698 -0.8975
2658 -0.8775
2626 -0.885
2726 -0.89875
2698 -0.8875
2660 -0.85625
2682 -0.89
2758 -0.9025
2574 -0.8725
2618 -0.82375
2710 -0.8925
2630 -0.87125
2726 -0.89875
2438 -0.81625
2618 -0.8675
2566 -0.86
2598 -0.86125
2624 -0.86625
2634 -0.85625
2818 -0.9275
2718 -0.89875
2898 -0.93875
2734 -0.8825
2490 -0.8275
2742 -0.91
2582 -0.85875
2650 -0.87375
2562 -0.86
2650 -0.87
2694 -0.87125
2550 -0.85125
2518 -0.84
2722 -0.8825
2622 -0.875
2726 -0.88875
2650 -0.84625
2702 -0.88
2726 -0.8975
2534 -0.85
2646 -0.85625
2622 -0.86
2714 -0.88875
2690 -0.89875
2646 -0.8825
2614 -0.88125
2790 -0.8875
2788 -0.91625
2626 -0.8525
2638 -0.885
