982 -0.06625
2358 -0.1275
2408 0.54625
2562 0.79625
2704 0.8925
2546 0.83875
2736 0.88625
2656 0.885
2602 0.86375
2552 0.85625
2690 0.8975
2634 0.85375
2690 0.8925
2660 0.88
2610 0.80375
2470 0.785
2646 0.885
2598 0.81125
2612 0.84
2662 0.87625
2548 0.855
2568 0.8025
2702 0.89375
2672 0.8825
2430 0.7775
2730 0.9075
2752 0.90375
2618 0.88375
2538 0.8375
2648 0.885
2590 0.87125
2606 0.8525
2610 0.87125
2444 0.815
2686 0.88875
2694 0.88
2672 0.88
2632 0.87875
2578 0.84625
2532 0.7825
2646 0.86625
2616 0.8525
2610 0.80625
2706 0.88125
2524 0.82
2570 0.8525
2578 0.83625
2664 0.8875
2394 0.79375
2494 0.83375
2590 0.84
2576 0.8525
2770 0.9075
2666 0.84375
2292 0.7325
2562 0.85375
2534 0.785
2606 0.83875
2660 0.89
2754 0.89875
2714 0.905
2582 0.85875
2572 0.84125
2482 0.75
2480 0.80875
2654 0.8825
2602 0.8575
2674 0.87375
2786 0.91625
2522 0.805
2660 0.87125
2584 0.8475
2648 0.8625
2812 0.925
2702 0.88125
2586 0.8475
2674 0.8775
2768 0.9025
2778 0.90375
2658 0.8725
2578 0.8175
2688 0.84
2538 0.79625
2476 0.76125
2514 0.83
2702 0.8775
2624 0.86
2574 0.85875
2598 0.86375
2642 0.88125
2498 0.8375
2486 0.6425
2594 0.83625
2630 0.8375
2602 0.84625
2594 0.87375
2570 0.81625
2486 0.81375
2540 0.84875
2626 0.88
2744 0.9075
2610 0.86625
2564 0.84
2538 0.78875
2714 0.88125
2636 0.8775
2442 0.81875
2474 0.81625
2684 0.8925
2558 0.8375
2660 0.885
2638 0.87125
2666 0.83875
2790 0.895
2550 0.83625
2606 0.86375
2666 0.8775
2602 0.8475
2578 0.81
2432 0.81125
2604 0.86625
2630 0.8625
2494 0.84375
2624 0.855
2672 0.88
2546 0.79
2628 0.85
2686 0.8925
2602 0.8725
2550 0.84125
2608 0.86
2706 0.8775
2652 0.895
2610 0.8675
2580 0.855
2578 0.84875
2448 0.77625
2504 0.835
2674 0.87125
2488 0.81
2718 0.8975
2658 0.85125
2548 0.8525
2574 0.78375
2664 0.88625
2702 0.88625
2654 0.8825
2590 0.83875
2466 0.80625
2678 0.89375
2630 0.855
2552 0.8575
2674 0.885
2726 0.855
2732 0.905
2708 0.89
2514 0.79875
2670 0.86
2662 0.8625
2616 0.87625
2770 0.895
2532 0.8225
2588 0.85625
2622 0.86
2614 0.83875
2570 0.8625
2798 0.9075
2594 0.85125
2664 0.84875
2588 0.8625
2594 0.8475
2664 0.81375
2608 0.86
2420 0.75375
2442 0.7625
2614 0.81375
2742 0.8975
2754 0.91
2380 0.76125
2672 0.86625
2660 0.83375
2646 0.86625
2434 0.81875
2646 0.86625
2636 0.8825
2606 0.87
2602 0.86375
2682 0.8875
2592 0.8725
2486 0.82
2630 0.87375
2694 0.8825
2674 0.88
2644 0.86
2654 0.88
2600 0.8575
2486 0.84
2538 0.825
2634 0.87625
2650 0.86375
