790 -0.00625
2682 -0.8625
2614 -0.855
2446 -0.69
2546 -0.82125
2622 -0.84
2610 -0.87125
2680 -0.86125
2738 -0.9
2522 -0.82625
2420 -0.8225
2674 -0.8675
2650 -0.88
2744 -0.9025
2642 -0.88125
2698 -0.88875
2670 -0.8925
2622 -0.84625
2562 -0.86375
2534 -0.825
2702 -0.8875
2654 -0.84125
2538 -0.80125
2486 -0.82125
2618 -0.79625
2702 -0.90125
2670 -0.86625
2662 -0.8825
2766 -0.9125
2578 -0.84
2594 -0.85375
2694 -0.8875
2594 -0.865
2662 -0.895
2558 -0.85875
2642 -0.86125
2462 -0.80875
2550 -0.8525
2712 -0.89
2690 -0.87125
2566 -0.85125
2486 -0.7975
2438 -0.8
2598 -0.85
2606 -0.82125
2538 -0.83
2482 -0.8125
2578 -0.8275
2726 -0.90375
2626 -0.875
2654 -0.8475
2678 -0.8725
2630 -0.86625
2554 -0.835
2538 -0.82875
2742 -0.90875
2614 -0.865
2634 -0.87625
2650 -0.84375
2602 -0.85375
2590 -0.85
2570 -0.84125
2522 -0.84
2634 -0.85375
2630 -0.86125
2618 -0.825
2630 -0.8625
2556 -0.85375
2532 -0.815
2618 -0.87375
2602 -0.8475
2654 -0.855
2518 -0.82625
2562 -0.835
2502 -0.7675
2530 -0.78125
2838 -0.9375
2608 -0.84125
2594 -0.835
2682 -0.88625
2766 -0.90625
2678 -0.87875
2458 -0.815
2698 -0.89625
2558 -0.83125
2494 -0.77625
2462 -0.75
2638 -0.86
2554 -0.845
2618 -0.87375
2622 -0.84875
2518 -0.84625
2498 -0.82125
2774 -0.9
2690 -0.88625
2566 -0.77375
2646 -0.855
2622 -0.8575
2726 -0.895
2578 -0.83125
2662 -0.87625
2702 -0.89125
2602 -0.84125
2446 -0.78125
2530 -0.83625
2608 -0.8275
2490 -0.80375
2418 -0.73375
2502 -0.8275
2638 -0.88375
2690 -0.88
2594 -0.86
2410 -0.66
2632 -0.85125
2634 -0.84375
2520 -0.83125
2578 -0.85875
2650 -0.8625
2646 -0.88875
2538 -0.85875
2602 -0.83125
2570 -0.85625
2446 -0.77625
2634 -0.85125
2514 -0.79375
2794 -0.92875
2654 -0.86
2698 -0.8525
2690 -0.865
2562 -0.8425
2438 -0.67875
2570 -0.85125
2758 -0.905
2542 -0.82375
2450 -0.7275
2642 -0.88625
2662 -0.865
2630 -0.845
2726 -0.87
2530 -0.80375
2684 -0.8875
2634 -0.87625
2714 -0.88125
2562 -0.79625
2498 -0.825
2662 -0.89
2722 -0.89625
2774 -0.9125
2686 -0.88625
2690 -0.8725
2690 -0.86125
2486 -0.79
2544 -0.81125
2526 -0.8575
2578 -0.8425
2646 -0.8475
2528 -0.8225
2646 -0.85125
2526 -0.8175
2658 -0.89375
2526 -0.84875
2390 -0.585
2618 -0.88625
2562 -0.85875
2622 -0.85625
2486 -0.7875
2562 -0.85625
2546 -0.81
2594 -0.84375
2426 -0.74125
2706 -0.89
2680 -0.87875
2618 -0.82125
2646 -0.86375
2538 -0.8225
2634 -0.86375
2686 -0.87625
2606 -0.8325
2490 -0.83625
2698 -0.88875
2458 -0.8275
2542 -0.82375
2658 -0.885
2814 -0.9075
2772 -0.91
2494 -0.72875
2618 -0.865
2748 -0.8725
2748 -0.90875
2626 -0.87
2694 -0.855
2718 -0.89625
2682 -0.8875
2526 -0.8325
2530 -0.86375
2514 -0.79625
2642 -0.84
2730 -0.89875
2602 -0.85375
2554 -0.845
