1004 0.0375
2420 -0.775
2606 -0.86125
2570 -0.855
2526 -0.8
2770 -0.90125
2502 -0.81125
2430 -0.78
2682 -0.885
2538 -0.84375
2674 -0.86875
2518 -0.8325
2522 -0.805
2614 -0.83625
2634 -0.86875
2614 -0.85875
2608 -0.8675
2566 -0.85375
2526 -0.83375
2606 -0.86
2662 -0.8725
2534 -0.76875
2630 -0.8825
2484 -0.795
2498 -0.82625
2490 -0.80625
2546 -0.69
2606 -0.84
2530 -0.805
2630 -0.8725
2534 -0.8475
2542 -0.795
2658 -0.8525
2698 -0.87
2486 -0.72625
2706 -0.9
2626 -0.8675
2442 -0.75625
2702 -0.89625
2662 -0.84625
2574 -0.84625
2616 -0.8725
2646 -0.8575
2602 -0.79625
2690 -0.89375
2690 -0.8825
2526 -0.80375
2562 -0.86875
2524 -0.80375
2498 -0.8525
2558 -0.84375
2606 -0.8425
2738 -0.9075
2558 -0.82875
2594 -0.8725
2558 -0.8325
2706 -0.88125
2570 -0.80375
2746 -0.90125
2634 -0.88625
2544 -0.85625
2702 -0.88625
2498 -0.77125
2506 -0.8125
2410 -0.77125
2730 -0.88625
2562 -0.86
2750 -0.90625
2358 -0.72875
2762 -0.89375
2590 -0.85625
2622 -0.86125
2494 -0.81875
2774 -0.91875
2534 -0.8525
2594 -0.82375
2450 -0.80625
2710 -0.895
2518 -0.82875
2658 -0.8825
2514 -0.795
2436 -0.78875
2602 -0.87125
2650 -0.8825
2582 -0.84625
2586 -0.85875
2626 -0.84875
2590 -0.8025
2550 -0.84125
2578 -0.83875
2574 -0.84625
2490 -0.76625
2650 -0.88625
2446 -0.8075
2476 -0.79625
2558 -0.83
2546 -0.8625
2558 -0.8425
2774 -0.89875
2606 -0.86625
2546 -0.83875
2622 -0.85875
2430 -0.705
2662 -0.88375
2726 -0.90625
2546 -0.845
2694 -0.89
2634 -0.8575
2554 -0.81625
2666 -0.86875
2566 -0.82
2590 -0.8525
2754 -0.91375
2550 -0.84125
2510 -0.8425
2646 -0.85
2586 -0.8425
2590 -0.8675
2662 -0.87375
2506 -0.805
2686 -0.8825
2504 -0.79125
2630 -0.875
2586 -0.83875
2506 -0.795
2542 -0.84125
2774 -0.90875
2650 -0.7875
2630 -0.8725
2728 -0.8875
2678 -0.87625
2598 -0.84875
2566 -0.82875
2662 -0.85375
2414 -0.7725
2602 -0.82125
2718 -0.89625
2566 -0.80125
2606 -0.845
2674 -0.85125
2534 -0.83875
2574 -0.86125
2562 -0.815
2446 -0.80375
2678 -0.87375
2450 -0.79625
2538 -0.76
2574 -0.83375
2806 -0.915
2698 -0.89875
2734 -0.9025
2598 -0.87
2478 -0.82375
2526 -0.8175
2534 -0.805
2638 -0.84375
2670 -0.89375
2466 -0.80125
2634 -0.885
2686 -0.89125
2674 -0.88625
2414 -0.76625
2742 -0.90375
2514 -0.78
2610 -0.82125
2506 -0.795
2526 -0.84375
2578 -0.82125
2466 -0.84375
2594 -0.87125
2646 -0.86
2630 -0.82625
2614 -0.88875
2554 -0.835
2738 -0.9075
2530 -0.83625
2658 -0.87625
2670 -0.89375
2690 -0.88125
2658 -0.8625
2662 -0.82875
2530 -0.83375
2534 -0.85
2526 -0.8075
2594 -0.85625
2642 -0.85125
2518 -0.77375
2610 -0.8675
2610 -0.77625
2714 -0.8975
2498 -0.8475
2658 -0.83875
2674 -0.865
2582 -0.815
2518 -0.8375
2528 -0.8325
2670 -0.87625
2556 -0.7975
2546 -0.85
2654 -0.8675
