916 0.10875
2594 0.86875
2660 0.87625
2534 0.8575
2622 0.87125
2518 0.8275
2526 0.785
2600 0.85375
2754 0.91
2354 0.76125
2600 0.85125
2442 0.80875
2548 0.8475
2546 0.8225
2662 0.8775
2706 0.86375
2706 0.89375
2506 0.8325
2618 0.85125
2550 0.79875
2534 0.81375
2414 0.70875
2548 0.82875
2558 0.8175
2592 0.87625
2558 0.825
2634 0.86
2770 0.91875
2642 0.8775
2556 0.8275
2472 0.78125
2614 0.855
2378 0.785
2510 0.8275
2694 0.8775
2460 0.8275
2554 0.86
2426 0.77
2696 0.86625
2520 0.84625
2514 0.84875
2504 0.82125
2706 0.89125
2546 0.82375
2426 0.79875
2568 0.82375
2490 0.835
2420 0.76
2512 0.74625
2770 0.89
2622 0.85375
2580 0.84125
2398 0.7975
2586 0.86375
2546 0.83875
2612 0.83
2766 0.91
2556 0.83875
2526 0.85
2562 0.825
2474 0.81125
2646 0.86875
2602 0.8175
2566 0.83
2654 0.83125
2382 0.795
2486 0.81375
2542 0.84375
2674 0.89125
2472 0.8175
2548 0.85375
2600 0.87375
2614 0.77875
2602 0.85125
2686 0.8675
2558 0.85625
2498 0.80875
2638 0.87875
2590 0.82875
2530 0.82375
2586 0.8525
2516 0.82
2588 0.8575
2376 0.71
2602 0.86
2550 0.84875
2786 0.92
2590 0.845
2562 0.84375
2620 0.8725
2610 0.84625
2728 0.8825
2546 0.8375
2626 0.86625
2572 0.83
2516 0.82125
2646 0.8775
2562 0.7125
2462 0.8
2640 0.8575
2616 0.88375
2634 0.87375
2528 0.82125
2682 0.8675
2586 0.81125
2618 0.82125
2430 0.79125
2580 0.8625
2762 0.9
2488 0.80375
2554 0.8275
2638 0.87125
2700 0.89125
2334 0.7175
2542 0.845
2498 0.79375
2582 0.8425
2504 0.805
2596 0.85375
2578 0.865
2788 0.91125
2518 0.82
2530 0.84875
2676 0.87
2668 0.87375
2722 0.89
2606 0.8325
2518 0.815
2592 0.8425
2616 0.85875
2382 0.79875
2466 0.79
2568 0.8275
2566 0.865
2578 0.8425
2496 0.81625
2594 0.86125
2438 0.77875
2562 0.8275
2436 0.81875
2536 0.83875
2524 0.67
2490 0.75375
2468 0.805
2670 0.87125
2502 0.76375
2618 0.81875
2594 0.85625
2350 0.72875
2762 0.9
2580 0.86375
2562 0.8475
2634 0.84
2630 0.88625
2538 0.8475
2498 0.75375
2640 0.83375
2492 0.8225
2694 0.86375
2630 0.855
2578 0.79
2634 0.87375
2558 0.85625
2568 0.86625
2546 0.83625
2676 0.865
2398 0.78625
2612 0.835
2588 0.83625
2682 0.87
2630 0.86375
2550 0.8325
2694 0.8725
2558 0.81625
2528 0.81375
2778 0.91125
2514 0.82875
2642 0.8725
2526 0.84375
2478 0.8075
2576 0.84875
2342 0.75125
2580 0.86125
2486 0.83125
2506 0.7925
2386 0.74875
2308 0.685
2658 0.87625
2582 0.87
2556 0.82625
2590 0.805
2634 0.855
2610 0.86
2508 0.8275
2638 0.87875
2322 0.73125
2654 0.8825
2644 0.85375
2594 0.8525
2550 0.8425
