850 -0.05
2374 -0.5175
2622 -0.8075
2550 -0.84875
2570 -0.83375
2422 -0.79375
2580 -0.85875
2542 -0.83
2562 -0.81875
2690 -0.86375
2618 -0.85625
2458 -0.70375
2702 -0.885
2518 -0.79625
2418 -0.76625
2474 -0.84875
2478 -0.8125
2618 -0.84625
2622 -0.87625
2622 -0.88125
2586 -0.81875
2646 -0.8575
2650 -0.86875
2710 -0.8675
2490 -0.84625
2394 -0.75375
2482 -0.8
2666 -0.87375
2482 -0.77875
2690 -0.87625
2674 -0.88625
2522 -0.83125
2594 -0.845
2530 -0.84625
2642 -0.86875
2806 -0.92125
2542 -0.82
2446 -0.825
2590 -0.84625
2550 -0.84125
2494 -0.7775
2474 -0.825
2778 -0.90375
2308 -0.745
2570 -0.85
2638 -0.8525
2434 -0.7275
2642 -0.87125
2646 -0.8325
2502 -0.83875
2762 -0.91
2526 -0.79875
2610 -0.84375
2502 -0.83
2558 -0.815
2298 -0.6775
2654 -0.86125
2522 -0.825
2494 -0.805
2578 -0.8225
2662 -0.88
2678 -0.875
2540 -0.83375
2678 -0.88
2598 -0.8275
2590 -0.8475
2590 -0.8525
2618 -0.8725
2686 -0.8675
2326 -0.62875
2638 -0.855
2630 -0.85875
2522 -0.8125
2552 -0.81625
2592 -0.84
2614 -0.8625
2530 -0.80375
2650 -0.87
2490 -0.78125
2418 -0.76125
2546 -0.83375
2512 -0.72625
2392 -0.71875
2642 -0.89
2678 -0.87
2702 -0.88625
2762 -0.8925
2598 -0.86
2678 -0.87625
2574 -0.8625
2494 -0.82125
2502 -0.76
2694 -0.8925
2538 -0.8575
2540 -0.81625
2354 -0.795
2590 -0.8525
2562 -0.8225
2574 -0.84
2474 -0.79875
2478 -0.825
2754 -0.915
2654 -0.88375
2506 -0.7975
2530 -0.8375
2626 -0.8775
2590 -0.83875
2582 -0.845
2542 -0.85625
2398 -0.80375
2630 -0.84625
2586 -0.8525
2498 -0.83
2622 -0.835
2486 -0.8275
2582 -0.8375
2742 -0.885
2498 -0.83
2542 -0.79875
2518 -0.85
2690 -0.89875
2702 -0.89125
2554 -0.83
2650 -0.875
2482 -0.8125
2646 -0.86375
2516 -0.77
2590 -0.8525
2362 -0.7475
2518 -0.765
2582 -0.8325
2422 -0.79
2398 -0.74875
2450 -0.80125
2570 -0.87
2316 -0.72625
2582 -0.845
2442 -0.805
2722 -0.9075
2390 -0.74625
2586 -0.8425
2244 -0.1875
2658 -0.88
2534 -0.8025
2454 -0.8225
2486 -0.77375
2594 -0.84875
2606 -0.80375
2512 -0.8025
2534 -0.865
2514 -0.835
2670 -0.87875
2666 -0.8725
2596 -0.85375
2594 -0.83375
2542 -0.82375
2486 -0.80375
2498 -0.805
2372 -0.75875
2574 -0.8325
2386 -0.76
2566 -0.835
2742 -0.89625
2522 -0.84875
2514 -0.80625
2330 -0.745
2650 -0.7975
2582 -0.8675
2574 -0.85625
2462 -0.7675
2586 -0.74875
2710 -0.9
2594 -0.845
2514 -0.85125
2702 -0.88875
2482 -0.81125
2526 -0.79125
2634 -0.86625
2542 -0.85125
2554 -0.8075
2566 -0.84375
2358 -0.65625
2422 -0.72625
2578 -0.87375
2614 -0.8775
2562 -0.86
2634 -0.85125
2566 -0.86875
2402 -0.8
2570 -0.85
2694 -0.8925
2678 -0.89
2654 -0.84
2650 -0.8875
2594 -0.81875
2550 -0.83875
2502 -0.82875
2410 -0.8175
2526 -0.76
2428 -0.7975
