958 -0.10125
2334 -0.69375
2530 -0.76875
2502 -0.8025
2562 -0.84625
2440 -0.80375
2470 -0.82875
2594 -0.84625
2590 -0.825
2524 -0.77125
2382 -0.76125
2450 -0.8025
2450 -0.795
2642 -0.875
2686 -0.8725
2602 -0.8575
2486 -0.80625
2710 -0.895
2514 -0.79875
2578 -0.845
2526 -0.8275
2678 -0.8825
2518 -0.8525
2510 -0.8275
2510 -0.82625
2560 -0.8325
2462 -0.7725
2560 -0.845
2346 -0.7425
2418 -0.75375
2692 -0.8575
2654 -0.87125
2466 -0.74125
2558 -0.86375
2586 -0.83375
2746 -0.905
2518 -0.82375
2590 -0.865
2598 -0.84875
2754 -0.90375
2602 -0.8625
2666 -0.86625
2650 -0.8625
2450 -0.83
2530 -0.8425
2618 -0.825
2502 -0.79875
2602 -0.845
2410 -0.77125
2518 -0.8325
2474 -0.71125
2498 -0.81875
2450 -0.81
2510 -0.775
2646 -0.87
2622 -0.87875
2630 -0.885
2456 -0.74875
2556 -0.81125
2374 -0.7525
2482 -0.81
2450 -0.78125
2586 -0.845
2632 -0.88875
2614 -0.86875
2462 -0.7725
2790 -0.9175
2626 -0.86
2364 -0.76125
2778 -0.90625
2682 -0.875
2398 -0.74375
2434 -0.755
2370 -0.795
2658 -0.865
2698 -0.87
2534 -0.8375
2526 -0.82
2682 -0.8975
2602 -0.855
2474 -0.83625
2486 -0.79625
2502 -0.83
2400 -0.74125
2594 -0.85125
2602 -0.85
2466 -0.81875
2462 -0.82375
2454 -0.815
2466 -0.82125
2366 -0.66
2582 -0.85
2662 -0.86375
2490 -0.79625
2502 -0.77625
2514 -0.67375
2534 -0.79375
2682 -0.86
2606 -0.85375
2478 -0.8125
2572 -0.8575
2566 -0.83625
2514 -0.805
2430 -0.8
2398 -0.81625
2512 -0.8325
2774 -0.91375
2458 -0.79125
2578 -0.865
2502 -0.785
2542 -0.82125
2554 -0.82
2398 -0.7575
2434 -0.81
2554 -0.78375
2500 -0.75625
2594 -0.84
2438 -0.8275
2400 -0.77625
2606 -0.85375
2530 -0.825
2546 -0.825
2622 -0.8425
2586 -0.8625
2588 -0.8375
2682 -0.8975
2570 -0.8425
2602 -0.87375
2446 -0.80375
2558 -0.8525
2694 -0.8925
2378 -0.70375
2534 -0.61125
2386 -0.745
2606 -0.8625
2558 -0.85
2382 -0.76625
2590 -0.86375
2442 -0.725
2482 -0.84625
2518 -0.83875
2466 -0.82875
2598 -0.875
2618 -0.8475
2656 -0.8925
2618 -0.8275
2590 -0.8425
2742 -0.885
2494 -0.8225
2486 -0.805
2622 -0.87
2450 -0.81125
2502 -0.83375
2410 -0.8175
2484 -0.82625
2546 -0.8375
2506 -0.7925
2602 -0.83
2458 -0.8075
2714 -0.89375
2438 -0.74
2558 -0.8525
2586 -0.8675
2582 -0.8575
2502 -0.8375
2666 -0.88875
2538 -0.8175
2614 -0.86
2652 -0.8775
2630 -0.79875
2310 -0.58625
2546 -0.8525
2578 -0.825
2518 -0.7875
2470 -0.7775
2482 -0.805
2646 -0.8625
2490 -0.8475
2454 -0.81375
2462 -0.8425
2466 -0.79125
2610 -0.8675
2522 -0.8125
2442 -0.805
2504 -0.8275
2690 -0.87875
2406 -0.77125
2486 -0.82125
2542 -0.8125
2598 -0.81
2458 -0.8175
2358 -0.73125
2502 -0.79125
2590 -0.8175
2330 -0.66375
2770 -0.885
2454 -0.8025
2490 -0.84125
2570 -0.81375
2498 -0.82875
