940 0.12
2382 0.78625
2340 0.67375
2570 0.845
2640 0.8825
2590 0.85625
2538 0.86
2542 0.85375
2558 0.86625
2520 0.8275
2498 0.795
2440 0.83125
2402 0.76875
2636 0.87375
2318 0.5475
2242 0.6175
2450 0.83
2502 0.85375
2586 0.85
2550 0.815
2400 0.75375
2666 0.8775
2626 0.87375
2354 0.79
2432 0.79125
2540 0.84125
2614 0.87625
2630 0.875
2408 0.77
2698 0.885
2524 0.815
2524 0.78875
2404 0.775
2490 0.7625
2678 0.89
2494 0.7825
2490 0.61625
2388 0.70625
2504 0.7875
2468 0.67625
2492 0.83625
2588 0.87125
2436 0.80625
2434 0.73125
2658 0.88
2578 0.83375
2672 0.87125
2334 0.59
2458 0.8
2618 0.86375
2598 0.85
2678 0.88375
2430 0.81
2586 0.55875
2566 0.84625
2414 0.80125
2404 0.7325
2562 0.87125
2456 0.73625
2384 0.72875
2452 0.755
2538 0.8325
2554 0.83875
2618 0.8875
2360 0.7475
2468 0.68875
2550 0.72875
2426 0.66875
2446 0.72875
2530 0.83375
2502 0.7725
2608 0.865
2558 0.85125
2626 0.865
2514 0.78625
2378 0.79125
2558 0.8325
2538 0.85125
2638 0.83125
2386 0.78125
2424 0.81375
2658 0.865
2642 0.85
2544 0.8125
2366 0.73625
2366 0.765
2370 0.715
2562 0.60625
2550 0.8475
2462 0.795
2454 0.7575
2482 0.81375
2402 0.78375
2538 0.84375
2368 0.77125
2394 0.67125
2568 0.85875
2676 0.89375
2306 0.6425
2366 0.67625
2438 0.79625
2634 0.86875
2196 0.43625
2586 0.85375
2622 0.81875
2394 0.375
2486 0.815
2390 0.7925
2214 0.71375
2686 0.86125
2454 0.77875
2618 0.8625
2308 0.76
2410 0.7275
2370 0.7875
2582 0.86375
2544 0.85
2390 0.53
2746 0.9025
2544 0.8325
2484 0.81875
2386 0.7575
2418 0.75
2398 0.8
2666 0.87125
2490 0.82625
2438 0.75
2550 0.80625
2550 0.80375
2498 0.82125
2552 0.85
2590 0.85375
2438 0.755
2474 0.80625
2414 0.8
2464 0.78
2410 0.75375
2522 0.80875
2438 0.72625
2648 0.865
2454 0.775
2530 0.84125
2562 0.855
2288 0.765
2570 0.86375
2638 0.85
2390 0.73875
2370 0.685
2546 0.84375
2398 0.79125
2346 0.67375
2648 0.87875
2606 0.8525
2226 0.6925
2594 0.86
2556 0.8575
2678 0.8725
2396 0.69625
2496 0.74
2484 0.8175
2548 0.8475
2434 0.79625
2546 0.86125
2446 0.81125
2480 0.8125
2516 0.83125
2478 0.79
2560 0.76375
2640 0.8775
2290 0.65
2386 0.53625
2418 0.7625
2394 0.76125
2634 0.82
2616 0.8625
2528 0.785
2518 0.82125
2570 0.85625
2402 0.69875
2612 0.8575
2402 0.71875
2522 0.8225
2226 0.6675
2494 0.8125
2296 0.6175
2542 0.83
2282 0.61375
2562 0.8475
2206 0.45
2548 0.835
2502 0.8025
2672 0.86375
2598 0.84
2620 0.775
2578 0.8175
2526 0.845
2530 0.8175
2408 0.7975
2456 0.80625
2504 0.82125
