814 0.0325
2420 0.625
2470 0.81625
2402 0.7875
2466 0.8175
2320 0.6625
2594 0.87125
2410 0.78875
2466 0.82125
2462 0.76
2594 0.86125
2484 0.78625
2312 0.76
2436 0.755
2504 0.80375
2586 0.84875
2688 0.89
2380 0.7775
2578 0.86625
2406 0.7825
2426 0.8
2488 0.75
2570 0.76
2488 0.81125
2598 0.84125
2606 0.8575
2378 0.665
2484 0.81875
2438 0.8175
2474 0.815
2456 0.80875
2366 0.79125
2346 0.725
2586 0.8375
2402 0.5925
2478 0.79
2474 0.84125
2522 0.7875
2428 0.70875
2580 0.86625
2382 0.77875
2292 0.72875
2396 0.7425
2526 0.8375
2556 0.83625
2392 0.73625
2572 0.845
2382 0.74375
2546 0.82125
2648 0.875
2544 0.85375
2428 0.81625
2512 0.815
2600 0.8625
2268 0.6575
2386 0.73125
2446 0.79625
2612 0.855
2526 0.81375
2366 0.7825
2482 0.775
2604 0.86375
2490 0.79
2548 0.85625
2528 0.82375
2548 0.82125
2530 0.8275
2322 0.73375
2618 0.875
2462 0.7575
2364 0.77875
2488 0.81875
2444 0.82
2328 0.5425
2604 0.87375
2470 0.785
2424 0.77625
2410 0.78875
2412 0.72
2518 0.82375
2470 0.7625
2202 0.5975
2398 0.80125
2384 0.77875
2442 0.7725
2410 0.71875
2488 0.78
2332 0.7625
2434 0.79875
2466 0.8325
2470 0.80125
2504 0.79125
2434 0.73125
2548 0.85
2452 0.81125
2388 0.74625
2426 0.7125
2454 0.805
2426 0.795
2372 0.5675
2522 0.81625
2578 0.85125
2392 0.7525
2334 0.71875
2438 0.65125
2542 0.81625
2540 0.86
2446 0.7975
2482 0.74625
2492 0.84
2534 0.8425
2430 0.73
2534 0.855
2446 0.77
2370 0.63625
2450 0.82125
2378 0.73375
2594 0.85875
2542 0.8125
2534 0.795
2610 0.8725
2518 0.84
2508 0.7625
2690 0.8775
2634 0.88125
2572 0.85625
2710 0.89875
2470 0.7025
2542 0.82125
2450 0.80125
2410 0.74375
2630 0.875
2474 0.7975
2622 0.8725
2464 0.81375
2330 0.71125
2512 0.805
2248 0.73125
2494 0.83125
2352 0.49875
2580 0.84625
2562 0.74
2502 0.82
2450 0.7675
2356 0.695
2462 0.83375
2510 0.76
2276 0.74
2412 0.72125
2344 0.67125
2498 0.8175
2454 0.77625
2688 0.88625
2426 0.78125
2490 0.775
2414 0.75
2484 0.8025
2372 0.5625
2630 0.84375
2342 0.565
2368 0.535
2384 0.64
2606 0.85875
2576 0.8625
2588 0.8175
2566 0.83375
2592 0.84375
2448 0.795
2662 0.89375
2554 0.87125
2662 0.84625
2358 0.6225
2346 0.5925
2360 0.6925
2510 0.81625
2450 0.79
2512 0.83625
2518 0.82625
2588 0.8575
2418 0.785
2504 0.77625
2460 0.81375
2310 0.7575
2546 0.8625
2654 0.87625
2486 0.82375
2518 0.85
2674 0.8875
2548 0.84
2612 0.86875
2506 0.8125
2486 0.8225
2564 0.8275
2492 0.82375
2684 0.89875
2718 0.885
2458 0.785
2590 0.85
2622 0.85625
2522 0.82375
