1010 -0.06
2642 -0.885
2280 -0.74375
2478 -0.755
2610 -0.86
2402 -0.68875
2444 -0.7425
2402 -0.7525
2578 -0.87125
2430 -0.77375
2398 -0.76875
2406 -0.75375
2478 -0.83125
2502 -0.81625
2462 -0.7725
2454 -0.74125
2490 -0.81
2450 -0.70125
2498 -0.84375
2454 -0.82
2394 -0.62375
2418 -0.7375
2586 -0.8125
2474 -0.82875
2462 -0.77375
2614 -0.8625
2358 -0.7775
2634 -0.84875
2506 -0.795
2422 -0.825
2430 -0.765
2314 -0.7575
2398 -0.75625
2446 -0.8125
2502 -0.82875
2426 -0.62375
2390 -0.51375
2446 -0.82875
2476 -0.8175
2592 -0.84875
2472 -0.81875
2322 -0.7475
2490 -0.835
2410 -0.635
2378 -0.76
2370 -0.77
2658 -0.87625
2622 -0.86375
2272 -0.655
2678 -0.85875
2510 -0.825
2472 -0.78125
2426 -0.66375
2602 -0.8075
2502 -0.8425
2398 -0.74625
2434 -0.7975
2398 -0.7875
2426 -0.81125
2526 -0.77125
2564 -0.835
2482 -0.805
2498 -0.8025
2484 -0.79875
2470 -0.76
2674 -0.8925
2510 -0.81
2532 -0.83875
2410 -0.7225
2666 -0.875
2446 -0.7375
2574 -0.85375
2394 -0.77875
2602 -0.8675
2518 -0.81625
2598 -0.86
2562 -0.83875
2346 -0.73625
2406 -0.80625
2666 -0.875
2398 -0.785
2534 -0.83875
2406 -0.7325
2390 -0.7575
2570 -0.81625
2686 -0.88375
2382 -0.7775
2610 -0.8725
2366 -0.7775
2670 -0.87375
2514 -0.8475
2606 -0.86625
2374 -0.725
2378 -0.7775
2542 -0.8325
2414 -0.755
2678 -0.8875
2390 -0.79875
2598 -0.86
2406 -0.75375
2470 -0.82
2290 -0.7575
2474 -0.65875
2354 -0.74875
2564 -0.81125
2478 -0.76125
2466 -0.81625
2562 -0.84875
2270 -0.7375
2566 -0.8375
2394 -0.70375
2578 -0.84
2492 -0.78
2262 -0.72875
2514 -0.84
2174 -0.515
2574 -0.855
2470 -0.8075
2486 -0.8025
2620 -0.865
2602 -0.85625
2362 -0.7475
2378 -0.77625
2502 -0.8125
2466 -0.77625
2586 -0.77375
2598 -0.8475
2542 -0.835
2310 -0.59625
2342 -0.7475
2506 -0.8525
2442 -0.75
2578 -0.825
2490 -0.825
2342 -0.72375
2298 -0.705
2650 -0.87625
2498 -0.785
2618 -0.8325
2518 -0.84125
2634 -0.87125
2442 -0.7675
2550 -0.85
2650 -0.875
2178 -0.5475
2670 -0.8725
2614 -0.86875
2416 -0.8225
2638 -0.87375
2474 -0.8125
2512 -0.815
2482 -0.8075
2430 -0.75375
2454 -0.78875
2602 -0.835
2580 -0.8075
2578 -0.79375
2494 -0.75125
2594 -0.8425
2498 -0.80125
2630 -0.81
2466 -0.8025
2546 -0.8
2582 -0.875
2426 -0.79625
2400 -0.82125
2374 -0.70125
2490 -0.78875
2512 -0.83875
2490 -0.795
2518 -0.81125
2522 -0.81
2552 -0.79875
2482 -0.82625
2306 -0.7725
2346 -0.68625
2622 -0.85
2528 -0.84375
2518 -0.82625
2538 -0.84875
2410 -0.71875
2426 -0.7925
2458 -0.8175
2482 -0.78875
2634 -0.8075
2362 -0.755
2306 -0.71625
2322 -0.75625
2586 -0.87125
2586 -0.7875
2426 -0.79375
2258 -0.53375
2574 -0.8325
2406 -0.75875
2614 -0.84875
2474 -0.77375
2474 -0.70875
2686 -0.855
2418 -0.795
2578 -0.85125
