900 -0.14375
2238 -0.36125
2258 0.44125
2322 0.6175
2366 0.67625
2416 0.80625
2230 0.6
2482 0.83
2496 0.82
2634 0.87125
2382 0.78
2544 0.81375
2510 0.83625
2570 0.855
2522 0.8225
2432 0.78375
2464 0.7925
2498 0.83625
2458 0.7875
2528 0.8225
2368 0.77125
2466 0.79125
2266 0.6525
2432 0.7775
2558 0.82625
2432 0.7625
2408 0.79875
2634 0.8775
2444 0.76125
2504 0.8125
2692 0.90125
2284 0.7025
2530 0.83625
2202 0.665
2444 0.75625
2398 0.65125
2282 0.6025
2422 0.79
2366 0.72375
2322 0.57625
2290 0.205
2370 -0.4775
2538 -0.86
2434 -0.79625
2526 -0.7675
2404 -0.7925
2560 -0.8375
2478 -0.8025
2346 -0.66875
2422 -0.7875
2418 -0.7375
2502 -0.83375
2478 -0.8275
2378 -0.70375
2454 -0.80875
2358 -0.76125
2454 -0.76125
2394 -0.715
2558 -0.85
2414 -0.8175
2358 -0.75
2630 -0.84875
2470 -0.83875
2558 -0.8575
2454 -0.77625
2334 -0.75875
2614 -0.86375
2496 -0.8275
2378 -0.7425
2422 -0.80125
2382 -0.77125
2566 -0.82875
2402 -0.81
2386 -0.665
2510 -0.83
2250 -0.535
2502 -0.77875
2566 -0.865
2554 -0.845
2338 -0.72375
2626 -0.8625
2510 -0.83875
2494 -0.81625
2426 -0.80625
2430 -0.81875
2338 -0.56125
2506 -0.84
2278 -0.62125
2422 -0.64375
2514 0.72125
2558 0.85
2244 0.64375
2520 0.79875
2570 0.86125
2262 0.625
2554 0.80625
2302 0.655
2482 0.8025
2318 0.70125
2286 0.66375
2596 0.77875
2404 0.74875
2292 0.7325
2362 0.79
2378 0.765
2468 0.72875
2598 0.8575
2432 0.725
2318 0.66625
2176 0.56
2414 0.7925
2366 0.8
2392 0.715
2458 0.795
2390 0.69125
2370 0.6275
2374 0.73875
2324 0.70375
2412 0.7375
2476 0.81875
2230 0.60375
2442 0.79625
2350 0.74125
2402 0.77375
2506 0.8125
2498 0.71
2570 0.8275
2500 0.7975
2434 0.80875
2398 0.80375
2550 0.8275
2428 0.75
2392 0.80375
2360 0.76
2260 0.57625
2422 0.7875
2662 0.86375
2506 0.75
2416 0.7725
2458 0.80875
2222 0.3525
2316 0.43625
2318 0.665
2380 0.685
2454 0.8125
2414 0.76375
2434 0.8
2354 0.7925
2482 0.82875
2430 0.75875
2570 0.84625
2458 0.815
2464 0.78125
2362 0.52125
2526 0.81625
2444 0.7475
2530 0.82625
2432 0.7375
2488 0.8025
2426 0.6525
2372 0.695
2674 0.8775
2166 0.45875
2486 0.82
2410 0.7675
2578 0.83125
2362 0.755
2358 0.745
2650 0.81875
2462 0.78875
2366 0.5875
2430 0.75875
2592 0.835
2560 0.85125
2588 0.8675
2468 0.81625
2488 0.74125
2318 0.71
2434 0.805
2440 0.78625
2362 0.76
2426 0.74875
2482 0.7775
2494 0.71875
2392 0.71375
2616 0.84375
2566 0.845
2298 0.68
2546 0.81625
2424 0.76
2332 0.75375
2594 0.85375
2318 0.75
2444 0.7875
2338 0.7125
2478 0.8325
2390 0.6625
2488 0.82125
2242 0.59625
2522 0.76125
