780 0.02875
2430 0.7175
2352 0.74875
2288 0.765
2428 0.68375
2328 0.75
2294 0.4775
2294 0.3625
2358 0.7075
2494 0.795
2650 0.87125
2398 0.74875
2584 0.855
2334 0.7125
2332 0.6825
2538 0.85375
2454 0.815
2510 0.79875
2450 0.805
2492 0.82375
2304 0.65375
2414 0.74875
2248 0.63625
2570 0.8675
2538 0.83
2434 0.78125
2266 0.5575
2238 0.61875
2274 0.64375
2486 0.78
2430 0.79125
2306 0.7025
2358 0.74375
2410 0.77625
2518 0.78375
2344 0.7625
2154 0.55625
2360 0.66125
2376 0.685
2470 0.79125
2442 0.80125
2366 0.79125
2604 0.8675
2370 0.745
2520 0.83
2160 0.57375
2458 0.8075
2342 0.77
2274 0.64375
2546 0.85
2562 0.86
2208 0.71625
2330 0.74125
2426 0.7875
2504 0.7625
2458 0.81875
2494 0.81875
2274 0.65875
2410 0.8
2154 0.4275
2578 0.81125
2438 0.76625
2636 0.86125
2322 0.7225
2304 0.72375
2542 0.79
2602 0.8375
2634 0.87875
2464 0.82375
2428 0.78
2436 0.66375
2374 0.7925
2564 0.85625
2538 0.8175
2358 0.6825
2298 0.7775
2446 0.79625
2536 0.83125
2404 0.715
2542 0.84375
2362 0.72
2522 0.815
2578 0.845
2488 0.7925
2396 0.71375
2506 0.815
2622 0.8775
2440 0.785
2476 0.80875
2482 0.8175
2444 0.78125
2422 0.7925
2292 0.6375
2460 0.8175
2338 0.78375
2402 0.6275
2426 0.74375
2458 0.76625
2432 0.8
2212 0.6675
2312 0.68
2540 0.82
2362 0.755
2256 0.715
2512 0.7975
2252 0.67625
2330 0.6675
2346 0.72
2438 0.74125
2614 0.81875
2282 0.6725
2502 0.81375
2526 0.82375
2398 0.80375
2458 0.82125
2348 0.76
2306 0.66
2554 0.84625
2518 0.83625
2254 0.7325
2266 0.57
2580 0.82375
2374 0.6575
2470 0.7625
2118 0.29375
2346 0.765
2538 0.81375
2294 0.72
2500 0.835
2478 0.81
2442 0.82125
2362 0.7375
2336 0.7475
2526 0.81
2506 0.76125
2304 0.64875
2508 0.8325
2194 0.42
2166 0.5875
2474 0.82
2628 0.85
2350 0.6025
2322 0.04625
2172 0.00375
2194 0.59625
2468 0.83
2602 0.8775
2424 0.7825
2228 0.6625
2296 0.7675
2492 0.79125
2430 0.8125
2414 0.71125
2458 0.7675
2248 0.635
2462 0.8125
2462 0.8025
2522 0.77875
2506 0.8275
2494 0.765
2330 0.76375
2194 0.34375
2374 0.665
2510 0.81875
2580 0.83375
2498 0.8275
2306 0.75625
2276 0.6825
2422 0.75625
2608 0.8275
2394 0.75375
2304 0.71
2482 0.8275
2188 0.67
2494 0.82125
2368 0.7
2522 0.82
2374 0.77375
2182 0.64875
2410 0.7825
2254 0.6325
2274 0.70625
2328 0.58
2324 0.74625
2340 0.72875
2548 0.8175
2368 0.7475
2338 0.74875
2366 0.5625
2430 0.80875
2210 0.65
2266 0.605
2470 0.81
2296 0.75125
2448 0.77375
2402 0.77875
2430 0.7625
2598 0.8525
2358 0.7825
2112 0.54625
