882 0.11
2216 0.27375
2218 -0.00875
2134 -0.61875
2534 -0.81625
2502 -0.74375
2218 -0.60375
2330 -0.33625
2232 -0.68875
2466 -0.76875
2386 -0.79875
2346 -0.7675
2354 -0.7225
2266 -0.725
2558 -0.85875
2446 -0.80625
2356 -0.76
2518 -0.835
2454 -0.7075
2390 -0.72875
2246 -0.76125
2278 -0.67875
2466 -0.81625
2514 -0.71
2450 -0.72
2450 -0.81875
2318 -0.71125
2098 -0.65
2310 -0.6875
2406 -0.77625
2430 -0.785
2234 -0.59375
2370 -0.77375
2472 -0.72375
2362 -0.70125
2426 -0.76125
2170 -0.66375
2426 -0.795
2434 -0.71125
2398 -0.735
2198 -0.64
2150 -0.63125
2464 -0.80125
2234 -0.425
2394 -0.72875
2566 -0.86
2438 -0.805
2174 -0.52375
2518 -0.83125
2334 -0.7675
2502 -0.8275
2502 -0.83125
2314 -0.735
2358 -0.6075
2366 -0.725
2422 -0.75625
2262 -0.70375
2222 -0.08875
2256 -0.19
2462 -0.67625
2510 -0.82
2474 -0.77625
2190 -0.25375
2210 -0.4475
2354 -0.71375
2594 -0.83125
2370 -0.76125
2618 -0.835
2394 -0.795
2418 -0.79625
2446 -0.80625
2274 -0.75625
2350 -0.76125
2326 -0.74875
2200 -0.42875
2376 -0.575
2374 -0.76625
2398 -0.72125
2398 -0.73375
2474 -0.80375
2290 -0.70125
2574 -0.86125
2072 -0.0625
2438 -0.79
2444 -0.73125
2506 -0.7875
2298 -0.7175
2434 -0.8025
2534 -0.81
2346 -0.7625
2522 -0.8125
2418 -0.73375
2530 -0.81375
2378 -0.75875
2490 -0.73375
2310 -0.74875
2598 -0.8725
2446 -0.75625
2226 -0.6375
2402 -0.73625
2330 -0.7225
2374 -0.68375
2430 -0.81375
2206 -0.585
2322 -0.74375
2262 -0.655
2478 -0.7525
2314 -0.7575
2506 -0.795
2336 -0.7725
2338 -0.685
2474 -0.81125
2318 -0.77125
2430 -0.735
2122 0.09125
2120 0.09875
2214 0.20375
2246 -0.68375
2396 -0.73875
2414 -0.7975
2434 -0.8175
2386 -0.7625
2410 -0.72375
2430 -0.62375
2434 -0.7075
2434 -0.82625
2342 -0.69875
2206 -0.68125
2438 -0.7675
2228 -0.6275
2422 -0.7575
2280 -0.73
2470 -0.83125
2306 -0.6875
2414 -0.82375
2460 -0.8025
2350 -0.70125
2486 -0.8
2458 -0.78
2366 -0.77375
2396 -0.7475
2418 -0.7975
2530 -0.84375
2554 -0.83
2154 -0.61375
2502 -0.74875
2398 -0.77875
2416 -0.76125
2382 -0.765
2314 -0.56125
2382 -0.8025
2402 -0.76
2246 -0.7225
2350 -0.74375
2438 -0.81125
2456 -0.77125
2250 -0.5425
2330 -0.6725
2434 -0.78125
2450 -0.79375
2330 -0.73875
2396 -0.71125
2298 -0.68625
2522 -0.81625
2418 -0.80375
2354 -0.73625
2518 -0.81375
2334 -0.67125
2322 -0.71
2554 -0.8475
2510 -0.79625
2372 -0.68625
2482 -0.77
2342 -0.725
2426 -0.79125
2234 -0.6875
2538 -0.8075
2326 -0.75125
2382 -0.755
2306 -0.72375
2298 -0.65
2402 -0.685
2550 -0.79875
2320 -0.76125
2204 -0.53375
2214 -0.5825
2502 -0.81125
2542 -0.83
2486 -0.84
2312 -0.6975
2206 -0.6275
2538 -0.8425
2224 -0.5775
2242 -0.725
2510 -0.73875
2418 -0.785
2362 -0.79875
2486 -0.765
2262 -0.67375
2432 -0.79
