838 0.01125
2320 -0.67875
2370 -0.755
2392 -0.7475
2300 -0.75875
2354 -0.7725
2146 -0.55875
2430 -0.8075
2358 -0.71
2392 -0.75
2410 -0.75
2346 -0.76375
2550 -0.84875
2410 -0.75875
2406 -0.7925
2318 -0.74875
2382 -0.78625
2204 -0.43625
2358 -0.7825
2488 -0.78875
2538 -0.84625
2322 -0.78625
2622 -0.84375
2418 -0.81625
2406 -0.78625
2362 -0.73625
2566 -0.84375
2484 -0.78
2198 -0.66
2578 -0.8425
2478 -0.84625
2282 -0.7375
2386 -0.76875
2498 -0.795
2642 -0.85125
2330 -0.66625
2422 -0.67
2394 -0.685
2334 -0.785
2234 -0.54125
2162 0.4675
2294 0.6825
2238 0.725
2408 0.79875
2414 0.7425
2372 0.77125
2410 0.80375
2376 0.74375
2398 0.78
2494 0.8275
2332 0.7425
2282 0.59875
2226 0.61375
2366 0.67375
2522 0.8375
2286 0.7225
2410 0.7675
2328 0.7825
2436 0.8075
2558 0.8425
2364 0.7375
2376 0.765
2354 0.755
2384 0.66
2286 0.56875
2198 0.685
2194 0.38
2156 0.61875
2228 0.3375
2282 0.14
2490 0.82
2498 0.83
2366 0.70625
2574 0.83375
2634 0.7675
2448 0.64125
2190 0.68
2214 0.485
2294 0.685
2408 0.77625
2194 0.48625
2254 0.73125
2510 0.83875
2174 0.50125
2374 0.7225
2158 0.5725
2392 0.665
2386 0.73125
2202 0.66625
2158 0.43625
2542 0.81875
2312 0.61875
2434 0.82
2378 0.7
2352 0.6575
2228 0.6325
2336 0.78
2570 0.8425
2318 0.74
2514 0.8475
2300 0.77625
2468 0.8225
2414 0.79875
2318 0.65375
2506 0.82625
2514 0.81375
2500 0.7825
2612 0.85875
2512 0.81125
2476 0.815
2434 0.795
2478 0.81875
2502 0.8525
2202 0.3525
2438 0.76375
2466 0.8175
2282 0.71
2414 0.75
2342 0.67625
2534 0.835
2484 0.75
2298 0.62
2374 -0.29
2410 -0.79625
2150 -0.39625
2478 -0.7925
2330 -0.64125
2478 -0.7575
2274 -0.64125
2586 -0.85875
2494 -0.81125
2394 -0.77875
2238 -0.67875
2330 -0.775
2430 -0.82125
2406 -0.7825
2406 -0.77625
2382 -0.7625
2406 -0.7575
2046 -0.33
2218 -0.69
2450 -0.82125
2342 -0.74
2326 -0.73375
2362 -0.7625
2230 -0.64375
2574 -0.84625
2374 -0.7975
2282 -0.68
2310 -0.37625
2438 -0.775
2224 -0.61375
2546 -0.84625
2530 -0.815
2406 -0.7775
2526 -0.8275
2362 -0.7725
2482 -0.81375
2270 -0.675
2394 -0.7275
2214 -0.6275
2406 -0.71
2434 -0.78
2486 -0.84125
2330 -0.6875
2234 -0.69125
2206 -0.48125
2350 -0.745
2518 -0.8325
2350 -0.75
2534 -0.8125
2334 -0.735
2498 -0.77875
2428 -0.7575
2454 -0.81625
2426 -0.81375
2218 -0.5175
2130 -0.4025
2314 -0.61
2442 -0.82375
2282 -0.73375
2030 -0.24125
2406 -0.795
2152 -0.26375
1994 0.18875
2020 -0.42125
2502 -0.81875
2302 -0.75
2408 -0.75125
2470 -0.78375
2258 -0.6625
2430 -0.80125
2450 -0.8075
2402 -0.8125
2474 -0.7875
2302 -0.775
2602 -0.84375
2438 -0.77875
2346 -0.6375
2422 -0.80125
