784 -0.00375
2094 0.0975
2218 0.62375
2290 0.76625
2362 0.76625
1952 0.42875
2278 0.58
2418 0.77125
2058 0.60375
2278 0.72125
2410 0.79875
2388 0.66625
2242 0.7
2430 0.81125
2436 0.78625
2358 0.74125
2454 0.82625
2358 0.73125
2314 0.68375
2336 0.7175
2182 0.655
2380 0.72
2582 0.86125
2222 0.66
2398 0.79125
2294 0.735
2276 0.56375
2502 0.83
2362 0.68625
2522 0.825
2212 0.58875
2464 0.7425
2404 0.78375
2334 0.76
2330 0.73625
2470 0.83625
2164 0.55375
2428 0.74125
2334 0.58
2326 0.74125
2114 -0.12625
2372 -0.79375
2470 -0.75
2334 -0.70875
2202 -0.64
2294 -0.6725
2378 -0.77
2466 -0.78125
2538 -0.83125
2234 -0.6875
2190 -0.55375
2270 -0.64125
2314 -0.585
2338 -0.75875
2210 -0.625
2182 -0.60125
2278 -0.52625
2098 -0.5175
2316 -0.6375
2494 -0.81
2494 -0.78125
2406 -0.80625
2330 -0.76125
2242 -0.57375
2350 -0.72
2398 -0.74375
2542 -0.84625
2148 -0.48
2326 -0.59875
2330 -0.7375
2398 -0.74125
2258 -0.71125
2386 -0.7675
2654 -0.8475
2362 -0.7275
2220 -0.5475
2486 -0.81
2386 -0.69875
2248 -0.6175
2298 -0.64125
2382 -0.74375
2350 -0.76375
2190 -0.63
2308 -0.7825
2386 -0.76625
2302 -0.73
2434 -0.745
2406 -0.7525
2390 -0.77125
2334 -0.715
2358 -0.73
2266 -0.57625
2422 -0.79375
2398 -0.7475
2240 -0.6275
2350 -0.7525
2514 -0.8175
2274 -0.4775
2316 -0.735
2398 -0.795
2186 -0.665
2272 -0.69875
2438 -0.8
2396 -0.7925
2446 -0.81875
2350 -0.65125
2118 -0.53875
2314 -0.73
2414 -0.75375
2450 -0.79
2382 -0.69375
2522 -0.79875
2314 -0.7925
2234 -0.6025
2282 -0.75625
2468 -0.7675
2290 -0.43375
2346 -0.745
2054 -0.52
2410 -0.7825
2338 -0.75625
2058 -0.62625
2254 -0.62125
2454 -0.7775
2378 -0.70125
2246 -0.64125
2478 -0.8075
2458 -0.76375
2320 -0.74375
2382 -0.7175
2366 -0.67
2370 -0.72625
2534 -0.83375
2394 -0.7375
2202 -0.71125
2510 -0.79375
2506 -0.8475
2384 -0.7425
2306 -0.73875
2314 -0.6975
2430 -0.81
2362 -0.7975
2574 -0.8275
2642 -0.87
2266 -0.70875
2630 -0.87125
2284 -0.75375
2236 -0.71375
2222 -0.61375
2314 -0.75375
2616 -0.80375
2138 -0.4625
2376 -0.74
2566 -0.8325
2352 -0.74125
2422 -0.78
2318 -0.755
2290 -0.6375
2362 -0.81375
2518 -0.72125
2594 -0.8775
2254 -0.7025
2166 -0.48625
2550 -0.6975
2328 -0.73875
2242 -0.65625
2526 -0.76125
2422 -0.79375
2422 -0.655
2482 -0.70875
2102 -0.56875
2234 -0.57125
2270 -0.60875
2118 -0.51375
2350 -0.78375
2402 -0.7575
2166 -0.55375
2242 -0.6425
2298 -0.67625
2366 -0.805
2486 -0.82375
2242 -0.7375
2434 -0.80625
2502 -0.845
2350 -0.77625
2182 -0.66875
2488 -0.6225
2526 -0.77625
2258 -0.65
2398 -0.825
2362 -0.7475
2310 -0.52625
2346 -0.71875
2578 -0.8725
2086 -0.5575
2438 -0.78
2596 -0.8525
2350 -0.75875
2286 -0.535
2430 -0.805
