814 -0.03875
2272 -0.50125
2174 -0.64125
2454 -0.80875
2226 -0.6575
2574 -0.83375
2392 -0.78125
2490 -0.815
2250 -0.7125
2186 -0.6775
2158 -0.42125
2194 0.58375
2414 0.78
2482 0.79625
2490 0.83125
2312 0.6575
2242 0.6175
2434 0.8025
2298 0.6825
2426 0.66375
2492 0.72875
2276 0.5075
2220 0.68875
2374 0.73375
2270 0.74625
2470 0.79375
2306 0.73375
2494 0.76625
2246 0.6525
2306 0.66875
2212 0.69875
2430 0.8275
2226 0.46875
2340 0.755
2114 0.56875
2456 0.76375
2422 0.79
2268 0.5825
2354 0.67375
2334 0.5475
2114 0.00125
2122 -0.48
2168 -0.58375
2454 -0.78875
2414 -0.80125
2512 -0.81625
2230 -0.69
2114 -0.62125
2402 -0.7975
2406 -0.79375
2262 -0.74625
2326 -0.64875
2398 -0.71
2334 -0.735
2088 -0.53375
2362 -0.72
2242 0.705
2250 0.72875
2202 0.63125
2582 0.83625
2290 0.61375
2380 0.795
2298 0.47875
2008 0.40875
2132 0.56625
2254 0.695
2154 0.6525
2300 0.65125
2410 0.78125
2520 0.815
2146 0.50375
2198 0.20875
2122 0.05375
2374 0.78625
2074 0.25875
2290 0.66375
2370 0.7775
2190 0.5525
2138 0.4925
2418 0.78875
2496 0.835
2210 0.6375
2348 0.735
2138 0.37375
2418 0.7675
2310 0.7675
2234 0.64
2224 0.595
2574 0.8225
2462 0.82
2324 0.59625
2254 0.51625
2346 0.70875
2306 0.7225
2270 0.64125
2446 0.78875
2386 0.69
2208 0.30375
2108 -0.12375
2026 -0.35125
2302 -0.725
2354 -0.7175
2402 -0.76
2414 -0.7725
2328 -0.7225
2334 -0.74625
2386 -0.77125
2214 -0.72375
2290 -0.735
2306 -0.75125
2382 -0.7825
2438 -0.78625
2386 -0.7825
2394 -0.72375
2210 -0.51625
2342 -0.7775
2342 -0.76125
2190 -0.68
2286 -0.50625
2358 -0.71
2454 -0.80375
2318 -0.68
2146 -0.635
2370 -0.77
2334 -0.715
2334 -0.7575
2190 -0.68375
2210 -0.7075
2330 -0.78875
2310 -0.72375
2258 -0.6575
2116 -0.495
2430 -0.80625
2494 -0.77375
2342 -0.7425
2470 -0.83125
2190 -0.7225
2374 -0.775
2362 -0.64125
2422 -0.68125
2284 -0.60875
2258 -0.50375
2134 0.42125
2322 0.72125
2426 0.8025
2194 0.59
2114 0.5075
2184 0.23
2312 0.59125
2192 0.375
2374 0.785
2360 0.6275
2260 0.72
2222 0.6975
2298 0.7025
2478 0.81
2324 0.71
2346 0.7075
2466 0.785
2362 0.70125
2266 0.1025
2030 -0.34625
2044 -0.19375
2030 -0.47875
2118 -0.5675
2192 -0.565
2268 -0.7275
2222 -0.66625
2430 -0.73875
2538 -0.81125
2130 -0.49125
2096 -0.51125
2402 -0.77
2266 -0.715
2406 -0.8075
2262 -0.72375
2306 -0.68875
2422 -0.75125
2328 -0.7575
2160 -0.6125
2212 -0.6625
2410 -0.78875
2342 -0.59125
2370 -0.79
2246 -0.715
2606 -0.84625
2240 -0.5775
2282 -0.7175
2522 -0.82625
2314 -0.72125
2498 -0.8325
2466 -0.74625
2408 -0.8125
2132 -0.67125
2474 -0.81
2446 -0.805
2092 -0.46125
2306 -0.74125
2278 -0.65875
2340 -0.75
