1078 0.0775
2330 0.71
2336 0.66875
2240 0.615
2346 0.69125
2098 0.575
1990 0.14875
2302 0.69125
2278 0.67625
2410 0.79625
2178 0.66
2326 0.745
2104 0.56875
2326 0.72625
2294 0.4925
2022 0.2725
2074 0.455
2304 0.735
2210 0.6375
2260 0.67625
2356 0.78875
2336 0.7775
2332 0.7275
2490 0.815
2262 0.7
2376 0.73375
2314 0.5275
2248 0.58125
2236 0.68
2226 0.67875
2356 0.77125
2146 0.61625
2394 0.68625
2262 0.7075
2102 0.37625
2140 0.00625
2150 0.57625
2084 0.33125
2078 0.19125
2050 0.5775
2300 0.64875
2146 0.63625
2454 0.7875
2050 0.42125
2438 0.81
2192 0.72
2374 0.73125
2416 0.77875
2418 0.815
2422 0.705
2298 0.62
2214 0.4925
2192 0.645
2284 0.6875
2318 0.7675
2376 0.80875
2276 0.71125
2286 0.67
2288 0.54625
2162 0.57625
2110 0.295
2354 0.65375
2338 0.74
2338 0.6925
2260 0.68375
2360 0.75875
2254 0.62
2160 0.5775
2328 0.6025
2332 0.75875
2474 0.81875
2068 0.52875
2174 0.68125
2178 0.71875
2398 0.66375
2222 0.64
2114 0.66625
2374 0.75875
2400 0.755
2388 0.775
2322 0.74875
2210 0.59875
2262 0.71125
2398 0.6575
2212 0.55
2186 0.5925
2346 0.7175
2272 0.725
2326 0.7125
2134 -0.43875
2410 -0.8025
2164 -0.57125
2414 -0.7675
2150 -0.5425
2178 -0.53
2526 -0.79875
2278 -0.67375
2386 -0.81375
2138 -0.05625
2234 -0.42875
2234 0.3675
2378 0.725
2198 0.565
2254 -0.2675
2178 -0.46625
2302 -0.71375
2244 -0.7375
2266 -0.50125
2186 -0.605
2290 -0.72125
2226 -0.6925
2194 -0.61
2338 -0.5675
2426 -0.78375
2342 -0.7275
2386 -0.78875
2370 -0.79125
2206 -0.65125
2310 -0.66375
2574 -0.8025
2256 -0.3375
2350 -0.7375
2552 -0.825
2414 -0.76
2186 -0.285
2362 -0.72375
2530 -0.805
2342 -0.7375
2308 -0.59375
2352 -0.69875
2442 -0.785
2318 -0.74625
2406 -0.585
2114 0.27
2306 0.71625
2002 0.03125
2034 0.315
2326 -0.40375
2220 -0.665
2278 -0.6575
2022 -0.4925
2210 -0.5425
2234 -0.64625
2378 -0.73125
2074 -0.02125
2106 0.595
2158 0.63125
2282 0.695
2578 0.79875
2228 0.66
2294 0.64
2186 0.485
2276 0.7625
2126 0.52625
2030 0.4675
2286 0.73
2314 0.70125
2254 0.7325
2152 0.6225
2294 0.735
2142 0.59625
2114 0.545
2350 0.7175
2428 0.8025
2494 0.82375
2382 0.8
2208 0.41375
2208 0.5675
2204 0.59
2330 0.78125
2108 0.48
2412 0.725
2238 0.74875
2586 0.85125
2210 0.08875
2228 0.6375
2246 0.61875
2484 0.82
2246 0.3575
2126 0.4525
2190 0.1375
2270 0.7425
2386 0.73125
2170 0.62125
2238 0.7
2512 0.845
2382 0.72875
2086 -0.40625
2258 -0.52875
2298 -0.655
2274 -0.72875
2122 -0.335
2176 -0.49375
2194 0.66375
2084 0.5875
2128 0.52125
2406 0.75375
2124 0.64125
2134 0.43625
2046 0.02375
