776 0.01125
2166 0.00125
2338 -0.715
2150 -0.5125
2274 -0.71875
2314 -0.64875
2362 -0.72625
2390 -0.7275
2398 -0.8
2470 -0.8175
2386 -0.78375
2118 -0.53875
2326 -0.7375
2426 -0.765
2258 -0.63
2082 -0.54125
2044 0.09
2328 0.74125
2082 0.50625
2160 0.1625
2394 0.76
2290 0.59125
2022 -0.4325
2114 -0.37625
2458 -0.79625
2450 -0.7175
2182 -0.72625
2622 -0.8475
2106 -0.2525
2170 -0.46
2302 -0.6925
2270 -0.72875
2426 -0.76375
2410 -0.77875
2450 -0.78
2254 -0.69875
2214 -0.54125
2102 -0.16875
2214 -0.49125
2262 -0.68875
2290 -0.70375
2278 -0.685
2166 -0.58125
2282 -0.76125
2210 -0.64125
2262 -0.64625
2176 -0.6075
2354 -0.78375
2562 -0.83375
2470 -0.80625
2346 -0.61125
2290 -0.73
2102 -0.00375
2130 -0.50375
2158 -0.01125
2358 0.46875
2428 0.75125
2156 -0.27
2250 -0.2375
2302 0.69875
2200 0.58
2200 0.50875
2250 0.655
2150 0.02
2202 0.68875
2356 0.74375
2244 0.6775
2180 0.58
2172 0.34875
2238 0.64375
2144 0.65375
1980 0.51125
2280 0.58625
2286 0.74
1970 0.5925
2220 0.66
2266 0.57125
2176 0.52125
1970 0.12125
2186 -0.51625
2234 -0.6075
2054 -0.505
2146 -0.62625
2410 -0.75375
2202 -0.41875
2286 -0.74
2200 -0.655
2346 -0.635
2246 -0.6925
2106 -0.4225
2302 -0.5425
2330 -0.76125
2370 -0.77875
2356 -0.76
2278 -0.6025
2326 -0.59375
2342 -0.77875
2336 -0.7275
2474 -0.82875
2318 -0.77
2594 -0.83125
2290 -0.73625
2218 -0.575
2346 -0.72625
2180 -0.3225
2034 -0.35125
2294 -0.65375
2138 -0.64125
2362 -0.7575
2346 -0.76375
2224 -0.5975
2370 -0.71125
2068 -0.54875
2232 -0.6425
2412 -0.785
2394 -0.67375
2398 -0.7875
2410 -0.8175
2098 -0.5775
2310 -0.735
2356 -0.725
2382 -0.80625
2464 -0.80625
2378 -0.6175
2234 -0.275
2378 -0.6
2464 -0.78625
2150 -0.53875
2478 -0.80375
2262 -0.71125
2294 -0.71
2250 -0.57625
2166 -0.665
2382 -0.47875
2342 -0.765
2266 -0.65125
2314 -0.725
2318 -0.75625
2402 -0.735
2246 -0.64125
2278 -0.655
2330 -0.71625
2340 -0.72625
2162 -0.43
2234 -0.6375
2018 -0.51875
2234 -0.6225
2358 -0.73875
2000 -0.15625
2182 -0.4575
2270 -0.64
1890 -0.49625
2326 -0.69125
2258 -0.73375
2418 -0.73375
2290 -0.72875
2338 -0.69625
2098 -0.6925
2438 -0.795
2242 -0.63875
2274 -0.57125
2286 -0.7375
2214 -0.7
2242 -0.64875
2098 -0.45875
2026 0.09625
2334 0.56
2130 0.2925
2258 0.61
2098 -0.31125
2278 -0.5775
2054 -0.44875
2262 -0.69125
2264 -0.56
2182 -0.59375
2452 -0.7725
2190 -0.525
2116 -0.5425
2414 -0.825
2330 -0.655
2220 -0.51125
2160 -0.58125
2294 -0.56125
2222 -0.58
2180 -0.585
2390 -0.77625
2164 -0.69625
2190 -0.675
2204 -0.69375
2198 -0.67125
2262 -0.555
2418 -0.78
2256 -0.6675
2134 -0.5725
2298 -0.63375
2414 -0.79375
2382 -0.7425
2162 -0.34375
2518 -0.84125
2154 -0.565
