760 0.03
2094 -0.08625
2142 0.39625
2134 0.02625
2230 -0.69125
2270 -0.69125
2082 -0.49875
2140 -0.38125
2190 -0.61625
2234 -0.68875
2318 -0.72
2132 -0.59125
2174 -0.6975
2186 -0.56125
2274 -0.61625
2234 -0.4075
2296 -0.74875
2334 -0.63625
2378 -0.7375
2454 -0.82
2154 -0.375
2302 -0.5025
2170 -0.69875
2110 -0.62625
2138 -0.28
2242 -0.69125
2204 -0.49375
2100 -0.61125
2282 -0.68625
2218 -0.5325
1950 -0.0375
2026 -0.08875
2294 -0.635
2326 -0.5675
2206 -0.45875
2354 -0.72875
2218 -0.44875
2098 -0.01375
2096 0.37
2274 0.41375
2026 -0.05375
2020 0.19
2206 0.73625
1852 0.3525
2474 0.81125
1932 -0.18
2236 0.06375
2100 0.22
2110 0.65125
2150 0.49125
2320 0.74875
2296 0.76375
2266 0.67875
2274 0.68
2034 0.12375
2076 0.265
2368 0.78875
2298 0.78
2258 0.64875
2130 -0.4375
2084 0.26125
2206 0.64
2182 0.65
2262 0.66125
2246 0.5775
2200 0.70125
2056 0.645
2286 0.71
2112 0.5425
2154 0.64625
2102 0.47375
2348 0.685
2068 0.47375
2250 0.61
2190 0.545
2202 0.6025
2146 0.445
2292 0.64625
2138 0.32875
2274 -0.58875
2410 -0.78875
2190 -0.5025
2286 -0.6625
2366 -0.76625
2514 -0.8375
2070 -0.42375
1936 -0.19
1950 0.23625
2196 0.21625
1906 0.07125
2238 -0.5075
2218 -0.6775
2340 -0.7175
2394 -0.805
2250 -0.5925
2058 -0.47875
2258 -0.48875
2200 -0.605
2430 -0.79
2358 -0.73
2254 -0.71
2214 -0.58875
2158 -0.6075
2302 -0.69625
2414 -0.8025
2060 -0.54
2206 -0.4225
2190 -0.65
2158 -0.6225
2062 -0.34875
2316 -0.655
1978 -0.27375
2582 -0.84375
2430 -0.78375
2282 -0.6775
2142 -0.6475
2198 -0.69125
2258 -0.6475
2226 -0.6275
2090 -0.33375
2178 -0.52625
2214 -0.73375
2134 -0.44625
2420 -0.79125
2086 -0.56625
2210 -0.60375
2374 -0.76125
2284 -0.72375
2220 -0.525
2122 -0.30875
2162 -0.445
2342 -0.73625
2406 -0.81125
2098 -0.40125
2226 -0.4075
2210 -0.57375
2120 -0.57125
2318 -0.41875
2154 -0.26625
2134 -0.63875
2246 -0.49625
2226 -0.615
2054 -0.64625
2346 -0.76625
2298 -0.585
2198 -0.675
2184 -0.605
2226 -0.69125
2314 -0.76125
2446 -0.7875
2410 -0.76
2222 -0.6075
2130 -0.4725
2318 -0.7
2366 -0.5725
2518 -0.81125
2298 -0.70875
2268 -0.63
2050 -0.49125
2370 -0.7675
2190 -0.6775
2098 -0.61125
2110 -0.55875
2238 -0.45375
2402 -0.7725
2278 -0.73625
2330 -0.6825
2178 -0.72375
2140 -0.655
1890 -0.0675
2506 0.77875
2314 0.775
2156 0.495
2418 0.73875
2214 0.51
2238 0.2425
2226 0.6825
2356 0.76625
2062 0.40875
2034 0.52375
2490 0.84125
2336 0.66875
2132 0.555
2166 0.2625
2134 0.5925
2446 0.78625
2214 0.655
2278 0.71625
2122 0.43625
2052 0.46
2006 -0.07125
2070 -0.52625
2142 -0.56625
2378 -0.78875
2344 -0.73875
2328 -0.76375
2218 -0.69375
2166 -0.59
2174 -0.6775
2418 -0.8025
