884 -0.04625
2138 0.60625
2190 0.5925
2072 0.50375
1944 0.55375
2162 0.33375
2094 0.27375
2282 0.75125
2260 0.66875
2054 0.18375
2114 0.25875
2082 0.34875
1966 0.4375
1858 -0.1175
2276 -0.6575
2146 -0.69875
2254 -0.72125
2186 -0.5625
1982 -0.34375
2154 -0.38625
2298 -0.625
2294 -0.7
2310 -0.55875
2130 -0.455
2130 -0.5925
2378 -0.705
2226 -0.6075
2136 -0.61
2324 -0.62125
2182 -0.555
2178 -0.51875
2302 -0.7225
2216 -0.4
2396 0.73
2110 0.445
2102 0.61125
2054 0.33
1908 0.025
2290 -0.35625
2306 -0.48125
2066 -0.3225
2290 -0.5825
2342 -0.71125
2264 -0.6
2242 -0.61875
2078 -0.1875
2106 -0.26
2292 -0.6575
2102 -0.315
1988 0.36375
2300 0.65625
2124 0.25875
2094 -0.22
2210 0.1025
2198 0.39375
2242 0.59
2202 0.44
2194 -0.00625
2154 -0.55875
2370 -0.75
2374 -0.795
2316 -0.69875
2138 -0.41625
2214 -0.7275
2274 -0.655
2354 -0.725
2366 -0.685
2098 -0.44375
2250 0.6375
2222 -0.48625
2330 -0.765
2254 -0.5925
2198 -0.635
2244 -0.64375
2062 -0.1975
2454 -0.8275
2234 -0.4525
2222 -0.13125
2474 0.83375
2312 0.65625
1990 0.2575
1994 0.17625
2168 0.085
2190 -0.6025
1918 -0.2175
2136 -0.42625
2074 -0.24875
1910 -0.01125
2010 0.11
2354 -0.11
2446 0.785
2020 0.50125
2222 0.66
2408 0.76625
1866 0.4575
2314 0.71375
2324 0.7175
2274 -0.54625
2514 -0.80625
2210 -0.6675
2044 -0.2825
2238 -0.26875
2330 -0.77375
2104 -0.21625
2146 -0.6625
2506 -0.81125
2002 -0.4475
2174 -0.71625
2426 -0.77125
2334 -0.73125
2326 -0.77625
2150 -0.5875
2066 -0.16625
2030 -0.5675
2266 -0.69
2200 -0.64875
2260 -0.65375
2160 -0.42875
2438 -0.8025
2118 -0.3375
2178 -0.38625
2318 -0.76375
2066 -0.42125
1898 -0.28625
1986 -0.01125
2110 0.45125
2294 0.655
2216 0.69
2182 0.09625
2122 -0.45125
2170 -0.225
2134 -0.50625
1850 -0.07625
1958 -0.4425
2194 -0.55375
2286 -0.72875
2126 -0.54875
2226 -0.70625
2160 -0.57625
2258 -0.67125
2280 -0.7375
2148 -0.56875
2318 -0.7275
2282 -0.63375
2278 -0.6675
2158 -0.50625
2262 -0.5725
2286 -0.735
2338 -0.785
2188 -0.60875
2182 -0.50375
1802 -0.4325
2142 -0.63625
2114 -0.58375
2302 -0.695
2190 -0.5575
2198 -0.66125
2218 0.165
2084 0.515
1994 0.40875
2332 0.62875
2250 0.59625
2282 0.71875
2266 0.675
2450 0.8225
2242 0.67875
2154 0.475
2220 0.66125
2186 0.5375
2314 0.7575
2260 0.655
1932 0.3575
2314 0.73375
2154 0.6725
2176 0.5075
2210 0.61
2152 0.6625
2018 0.13
2140 0.4425
2266 0.67
2102 -0.05
2086 0.35875
2300 0.58
2136 0.1075
2054 -0.5225
2346 -0.78875
2350 -0.71375
2206 -0.52125
2318 -0.79375
2174 -0.55375
2146 -0.52125
2124 -0.60625
2286 -0.61625
2178 -0.5475
2204 -0.6175
2374 -0.78375
2216 -0.62875
2270 -0.7325
2302 -0.66125
2234 -0.72125
