866 0.09875
2146 -0.51
2110 -0.515
2358 -0.77625
1978 -0.46125
2482 -0.775
2052 -0.11375
2224 -0.53375
2102 -0.49
2280 -0.68625
2262 -0.6875
2390 -0.70125
1906 -0.325
2226 -0.655
1958 -0.2775
2082 -0.145
1978 -0.33125
2302 -0.35125
2358 -0.6525
2458 -0.745
2150 -0.52375
2202 -0.56375
2210 -0.59625
2244 -0.63875
2040 -0.52375
2088 -0.35875
2030 -0.4525
1946 -0.18
2122 -0.5775
2086 -0.4875
2166 -0.18
2020 -0.21
2002 0.045
1996 0.165
2270 0.705
2070 0.59375
2146 0.605
2084 0.49875
2250 0.63375
2190 0.72625
2134 0.58625
2086 0.4775
2234 0.505
2226 0.67125
2038 0.60625
2104 0.53625
2130 0.21625
2298 0.78
2174 0.5225
2178 0.615
2136 0.34375
1986 -0.3925
2150 -0.26125
2022 0.43875
2064 -0.47125
2106 -0.335
2246 -0.67375
2050 -0.2675
2200 -0.68
2034 -0.4375
2072 -0.40375
2138 -0.17375
2018 0.29375
2364 0.655
2068 0.0825
2058 -0.23625
1980 -0.33375
2246 -0.5875
2326 -0.76
2306 -0.4425
1978 -0.225
2046 -0.585
2310 -0.71875
2042 -0.58375
2020 -0.635
2414 -0.795
2146 -0.5575
2194 -0.57
2050 -0.65125
2240 -0.49375
2414 -0.74375
2088 -0.54375
2308 -0.6775
2246 -0.67375
2294 -0.6725
2306 -0.66375
2126 -0.44625
2088 0.2
2226 0.5475
2298 0.58875
1942 0.3775
2128 0.4725
1988 0.23125
2010 0.17125
2022 0.09375
2230 -0.59375
2266 -0.71875
2120 -0.495
2096 -0.27
2138 0.1375
2318 0.6425
2190 0.37
2042 -0.2525
2082 -0.0575
2002 -0.42125
1982 -0.34
2214 -0.315
1936 -0.4325
2358 -0.685
2342 -0.78
2162 -0.53125
2022 -0.31625
2110 -0.58625
2074 -0.37875
2034 0.1375
1982 -0.5225
2158 -0.5675
2176 -0.62375
2398 -0.6575
2430 -0.78875
2330 -0.76625
2010 -0.53
2354 -0.7375
2282 -0.6525
2410 -0.75625
2224 -0.66875
2246 -0.7375
2126 0.005
2108 0.25125
1962 -0.06875
1984 0.1575
2118 -0.07
2136 -0.5475
1990 -0.22
2282 -0.18625
1902 0.14125
2114 0.0325
2158 0.4975
2108 0.56
2230 0.7
1922 0.0025
2078 -0.58
1962 0.21125
2086 0.4725
2446 0.82625
1976 0.39375
2176 0.55125
1988 0.205
2090 0.2875
2044 0.4225
2180 0.25125
2130 0.28125
2538 0.82375
2010 -0.03625
2126 -0.5275
2000 -0.21125
1986 -0.26625
2246 -0.68125
2092 -0.52125
2226 -0.59375
2162 -0.6025
2130 -0.6225
2146 -0.51125
2326 -0.78875
2042 -0.555
2378 -0.75125
2028 -0.34125
2206 -0.59125
2350 -0.76625
2170 -0.6575
2162 -0.5925
2214 -0.58375
2078 -0.5225
2102 -0.53625
2158 -0.52375
2038 -0.45125
1864 0.0825
1998 -0.155
2224 0.49125
2382 -0.72
2128 -0.575
2350 -0.7075
2434 -0.7475
2074 -0.545
2278 -0.7175
2326 -0.71875
2102 -0.6425
2450 -0.705
2382 -0.76
2358 -0.76375
1914 -0.08125
1902 -0.2375
2494 -0.78
2238 -0.5375
2234 -0.555
2286 -0.6425
2130 -0.44125
2074 -0.08125
2002 -0.30875
2250 -0.57625
