994 -0.11625
2326 -0.71375
2142 -0.6475
2174 -0.58
2330 -0.7625
2012 -0.4825
2248 -0.7025
1886 -0.4475
2154 -0.69875
2336 -0.75
2098 -0.6075
2162 -0.5875
2142 -0.28125
2042 -0.4175
2374 -0.7625
1962 -0.005
2304 0.7225
1860 -0.18375
2242 -0.50375
2190 -0.67
2194 -0.64125
2254 -0.51125
2126 -0.20875
2042 0.03
2132 -0.345
2302 -0.695
2094 -0.46875
2118 -0.52625
2264 -0.71125
2066 -0.55625
1926 -0.35125
2098 -0.43
2110 -0.5875
2238 -0.63125
2066 -0.6125
2218 -0.67375
2290 -0.73
2068 -0.5575
2160 -0.6775
2292 -0.66125
2134 -0.52125
1988 -0.3775
2118 -0.28625
2150 -0.4175
2180 -0.5775
1964 -0.28
1982 -0.1575
2258 -0.50375
2114 -0.295
2046 -0.135
2094 -0.1075
2198 -0.63125
2052 0.13375
2342 -0.715
2066 -0.1675
2114 -0.01375
2342 -0.6425
2006 -0.47625
2318 -0.7625
2218 -0.55125
2042 0.0575
1880 0.02875
2050 -0.33125
2142 -0.4725
2310 -0.7275
2194 -0.46375
2040 -0.27
1866 -0.13375
2082 -0.34125
2146 -0.505
2530 -0.83125
2066 -0.1125
2046 -0.24125
2182 -0.615
2094 -0.4475
2226 -0.59125
2054 0.01
2114 0.6625
2146 0.5075
1982 0.07125
2098 0.19375
2014 -0.4775
2110 -0.375
2210 -0.66
2092 -0.5875
2042 -0.57
2194 -0.67125
2144 -0.66875
2214 -0.62625
2322 -0.695
2086 -0.3875
2000 0.39375
2014 0.07625
1988 0.39
2050 0.36625
2016 0.545
2214 0.64375
2302 0.775
1844 0.09625
2278 -0.7175
2210 -0.6025
2366 -0.76625
2084 -0.37125
1878 -0.4825
1990 -0.15625
2054 -0.36625
2114 -0.5475
1966 -0.24875
2252 -0.71375
2098 -0.4525
2042 -0.29875
2138 -0.45
2094 -0.5325
2190 -0.62
2094 0.23
2396 0.74125
2076 0.4975
2218 -0.495
2176 -0.6
1994 -0.27375
2090 -0.62125
2172 -0.1925
2052 -0.30375
2274 -0.4225
2010 0.0725
2402 0.7825
2256 0.61
2156 0.66625
1866 0.3525
1940 0.13625
1986 0.1675
2322 -0.4075
2066 -0.58375
2262 -0.69625
2176 0.13
2240 0.60875
2096 0.5275
2018 0.34625
2086 0.5
2050 0.03375
2206 -0.3225
2160 -0.58625
2078 -0.33375
1966 0.20375
2122 0.4775
2056 0.53625
2038 0.22375
2160 -0.67875
1954 -0.1325
1966 -0.51375
2078 -0.2775
2098 -0.5075
2226 -0.56125
2334 0.74125
2310 0.75375
2322 0.6675
2334 0.66
1994 0.23625
2118 0.45875
2268 0.6125
2452 0.78
2290 0.7425
2218 0.5075
2108 0.6825
2200 0.52375
2214 0.64
2112 0.555
2218 0.65625
1982 0.42125
2048 0.38375
2186 -0.55125
2056 -0.5425
2112 -0.51375
2230 -0.335
2216 0.3975
2122 0.3
1998 0.585
2380 0.7725
2114 0.63375
2368 0.6375
2194 -0.5725
1834 -0.05375
1990 0.23125
2234 0.2525
2246 0.50875
1898 0.20375
2170 0.07625
1978 0.18875
1910 -0.42
2134 -0.3225
1878 0.1725
2016 0.3625
2370 0.6925
2040 0.53875
1970 0.32375
1958 -0.09375
1978 0.0275
2116 0.5725
2202 0.37375
2268 0.60625
