822 0.12625
2182 0.5775
2012 0.43
2182 0.66875
2006 0.545
2206 0.37375
2066 0.3975
2058 -0.105
1960 0.275
1950 -0.3025
2044 -0.3775
1918 -0.17
2326 -0.7625
2076 -0.0625
2080 0.22625
2098 -0.59125
1906 -0.33625
2370 -0.78375
2094 -0.44375
2130 -0.59875
2186 -0.60625
2176 -0.605
2034 -0.15875
2030 0.10875
2154 0.14
2102 0.59125
2086 0.59375
2198 0.475
1956 0.06125
2202 0.63375
2222 0.72875
2138 0.3875
2148 0.64375
2030 0.22375
2274 0.73875
2166 0.65625
1952 0.26375
2030 0.41625
2262 0.70625
2022 -0.05625
1928 0.395
1932 0.2775
2194 -0.645
2060 -0.48
2078 -0.5325
2130 -0.60875
2034 -0.44
1914 0.39625
2070 0.2875
1954 0.24875
2170 -0.33375
1982 -0.50875
1954 -0.27375
2030 -0.27375
2258 -0.70125
2030 0.1475
2138 0.63875
2016 -0.2275
1978 -0.3675
2038 -0.62625
2398 -0.74375
1994 -0.22
1874 -0.1075
2058 -0.43
2378 -0.73125
1934 -0.0275
2024 0.155
2160 0.62
2290 0.50375
2132 0.56875
2076 0.355
1984 0.36625
2274 0.735
1830 0.4175
2364 0.76
1908 0.05625
2066 -0.505
2118 -0.32125
2066 -0.43875
2194 -0.5825
2150 -0.5975
2258 -0.67125
2066 -0.46875
2262 -0.58875
2048 -0.42625
2158 -0.65375
2098 -0.4775
2062 -0.5275
2014 -0.1875
1930 -0.405
1906 -0.36625
1918 -0.4375
2082 -0.5225
1914 -0.0375
2020 -0.39625
2102 -0.63625
2016 0.2
2242 0.65125
2054 0.515
2102 0.4
1946 0.10625
1994 0.35
2222 -0.5125
2014 -0.27875
2102 -0.54875
2046 -0.5375
2318 -0.7425
2162 -0.62
1918 0.0475
2098 0.4075
2260 0.695
2150 0.2725
1996 0.37125
2010 0.4225
1938 0.20875
2190 0.475
2232 0.63875
1918 0.21875
2258 -0.7
1928 0.25625
2280 -0.69875
1918 -0.115
2018 -0.4975
1970 -0.35875
1914 -0.06625
2062 -0.08
2242 -0.745
2378 -0.645
2394 -0.76625
2230 -0.5075
2170 -0.515
2130 -0.60875
1962 -0.2425
2114 -0.5475
2028 -0.0675
2168 0.35
2096 0.2925
1970 0.29
2258 -0.32125
2198 -0.64125
1922 -0.22375
1962 0.50625
2118 0.61125
2222 0.35625
2054 0.215
2274 0.67875
2130 0.61625
2006 0.015
2010 -0.095
2110 0.4175
2086 0.42875
2046 0.47125
2000 0.5575
2098 0.2725
1906 0.52875
2148 0.52375
2212 0.67375
2134 0.52875
2042 0.055
1990 0.15375
2294 0.115
2050 -0.195
2006 -0.3275
2030 -0.5675
2178 -0.51
2202 -0.4825
1902 0.07
2378 -0.77125
2102 -0.375
2046 0.04375
2164 -0.155
2114 0.34625
2192 0.70375
2086 0.42375
1984 0.50125
1870 0.445
1846 0.26375
2160 0.185
2014 0.41875
2030 0.1675
2058 0.33125
2130 0.43875
2022 0.15625
2146 0.0275
1982 0.17125
2136 0.54625
2300 0.6875
2162 0.32
2178 0.665
1980 0.23625
2182 -0.61375
2114 -0.17125
2110 -0.5525
2134 -0.28625
2394 -0.71
2330 -0.7975
2254 -0.61875
1980 -0.59
1866 0.33125
1946 0.3425
