944 0.11125
1920 0.39625
1994 0.58875
2364 0.75875
1966 0.49375
2110 0.54375
2098 0.5625
2162 0.53625
2054 -0.3975
2122 -0.42
1922 -0.50125
2174 -0.6375
2122 -0.49
2054 0.4575
2060 0.18125
1944 -0.25875
2026 -0.52375
2262 -0.71625
1954 -0.3025
1990 -0.31
2094 -0.34125
2156 -0.6075
2068 0.06625
2162 -0.4
1990 -0.6
2108 -0.42375
2168 -0.68375
1894 -0.11375
1946 0.09875
2206 -0.51
2186 -0.4725
2058 -0.1725
2070 -0.4825
1898 -0.23625
2104 0.535
2046 0.34125
2182 0.0525
2136 0.40875
2128 0.55625
1948 -0.08
2282 -0.76
2074 -0.61125
2062 -0.3775
2096 -0.37125
2058 -0.5625
2102 0.46875
1978 0.3825
2136 0.65625
2142 0.5675
2036 -0.00125
2050 -0.46375
2230 -0.61125
1990 -0.22125
2054 -0.3075
2168 -0.58625
1930 -0.46625
1914 -0.39875
2054 -0.5375
2234 -0.6875
2070 0.0075
1982 -0.54125
2298 -0.7475
2360 -0.76875
1874 -0.005
2022 0.09375
2174 -0.345
1952 0.28625
2030 0.45125
2160 0.61875
2024 0.5175
1950 0.26
1974 0.3575
2002 -0.0575
2186 -0.58375
2158 -0.2875
1964 0.03875
2078 -0.56375
2050 -0.585
2018 0.3225
2128 -0.10625
1966 0.19
2234 -0.575
1926 -0.38125
1838 -0.06875
2146 -0.625
2194 -0.08375
2202 -0.6075
2314 -0.695
2154 -0.48
1958 -0.2625
2080 -0.375
2190 -0.615
2078 -0.67375
2200 -0.60875
2046 -0.1125
1918 -0.48875
1966 -0.22625
2130 -0.62125
1960 0.45875
2052 0.02625
2044 0.3825
2212 -0.61125
2146 -0.43
2266 -0.60875
1962 -0.045
2262 -0.47875
2084 -0.24625
2166 0.475
2030 -0.06375
1918 -0.125
2112 0.295
2076 0.3425
2062 -0.47875
2252 -0.49
2262 -0.5075
2206 -0.67125
2102 -0.37625
2010 -0.33875
2058 -0.45375
2002 -0.03
2122 -0.57375
2398 -0.7375
2134 -0.4175
1970 -0.3
1798 -0.04625
1998 -0.19375
2034 -0.395
2178 -0.26875
2134 -0.4175
1874 -0.39625
2042 -0.18
2074 -0.20625
1942 -0.26625
2106 -0.08
1936 0.2975
1878 0.05875
2140 0.66625
2350 0.7375
1922 0.09125
2242 0.5525
1928 0.3925
2116 0.525
1942 -0.1075
2146 -0.575
2104 -0.1675
2072 0.07375
1904 0.17875
2078 -0.39375
2114 -0.45125
1854 -0.015
2190 -0.66
2174 -0.59125
2098 -0.39
1800 -0.055
2102 -0.48375
2126 0.41375
2050 -0.4925
1958 -0.035
2170 0.3825
1874 0.3425
2156 -0.2175
1986 -0.4225
2162 -0.66625
1926 -0.055
2014 -0.35375
2018 -0.50625
1982 -0.43375
2182 -0.75375
2278 -0.60125
2066 -0.28375
2246 -0.7225
2102 -0.51875
2114 -0.515
2060 -0.45125
2062 -0.43875
2036 -0.28875
1936 -0.10875
2120 0.08375
1986 -0.2275
2136 -0.58125
2020 -0.61
2084 -0.2375
2058 -0.41875
2446 -0.7425
2266 -0.64625
2146 -0.70625
1938 -0.1075
2054 0.61125
1970 -0.0675
2134 -0.4725
2218 -0.62625
2186 -0.67625
2018 -0.49625
2130 -0.45125
1912 -0.38
1982 -0.1875
1994 -0.27125
1924 0.27
2000 0.5175
2262 0.645
