962 -0.08375
1864 0.07
2002 -0.2025
2092 0.10125
2020 0.33625
2240 0.72
1970 0.12875
2228 0.69375
1826 -0.0475
1960 -0.145
2140 0.56875
2238 0.72375
2206 0.5775
1918 -0.31375
1990 -0.19625
2070 -0.2675
2102 -0.59125
1918 0.01625
1882 0.20625
2032 -0.43375
2054 -0.56125
2170 -0.58
2178 -0.60875
2078 -0.35375
1730 0.18
1990 0.29125
1930 0.1425
1830 0.20375
2154 -0.66875
1990 0.1125
1914 0.40875
1906 -0.1925
1874 -0.13375
1840 0.09875
1956 -0.14875
1986 -0.02125
1874 0.36875
2234 0.4625
2242 0.6075
2142 -0.5525
2228 -0.69125
2066 0.00375
2018 0.55125
1996 0.15875
2190 0.49875
1990 -0.335
2290 -0.77
2206 -0.70875
2154 -0.38375
2046 -0.1425
1862 -0.32875
1894 -0.21875
2014 -0.4725
1954 -0.21
2014 0.29875
2146 0.49625
1994 0.435
1814 0.1725
2034 0.39625
1970 0.37875
2284 -0.6175
1998 -0.465
2094 -0.52125
2006 -0.31625
2122 -0.4975
1812 -0.10875
2038 -0.65
2036 -0.14125
1998 -0.38625
1966 0.0575
2034 0.51875
1826 0.03875
2276 -0.7225
1898 -0.08875
1854 -0.1775
1940 0.23625
1930 -0.0375
2094 0.45625
2062 -0.43
1986 -0.50875
2110 0.065
2056 0.2775
2086 0.26375
1950 -0.18125
2226 -0.6425
2098 -0.51125
1978 -0.45
2078 -0.55125
2054 -0.38375
1980 -0.425
1898 -0.04875
2002 0.01625
2014 0.085
1882 0.5
1934 0.41625
2042 0.40625
2142 0.39375
2080 0.34625
2086 -0.41
2294 -0.615
2142 -0.2375
1850 0.18375
1982 0.4575
2130 0.61875
1894 -0.06125
1948 -0.03125
1950 -0.1775
1948 0.3475
2130 0.2775
1850 -0.02875
2114 0.2225
2032 -0.0425
2202 -0.4425
2154 -0.32625
2162 0.62875
2082 0.47625
2118 0.4625
2086 0.64375
1880 0.135
1908 -0.3025
2286 -0.6875
1978 -0.56625
2106 -0.60125
2122 -0.57125
2040 -0.35125
2134 -0.55875
2260 -0.66375
2106 -0.59875
1954 -0.0975
2090 0.05875
2028 -0.2375
2176 -0.60125
2182 -0.58625
2330 -0.73125
2102 -0.64125
2142 -0.535
2002 -0.27875
2118 -0.6275
2070 0.00375
1884 -0.5075
1982 -0.26625
2166 -0.4675
1984 -0.2075
1922 -0.5275
2182 -0.57125
2200 -0.60375
1990 -0.075
1990 -0.45875
1962 -0.25875
1898 0.13
1818 0.08
2160 -0.45125
2014 0.295
1978 0.395
2122 0.395
2154 0.5725
1926 -0.16625
1978 -0.46375
2042 -0.4725
2014 -0.25125
2010 -0.45625
2066 -0.09
2054 0.11125
2190 0.6575
2082 0.42875
2002 0.38125
1998 0.60625
1974 0.0925
1944 -0.36125
2170 -0.55875
1886 -0.25125
2094 -0.53
2106 -0.58375
2106 0.59375
2050 0.52375
2014 0.21
1914 -0.1775
2002 0.515
1950 0.17
2062 0.005
2000 -0.40375
2310 -0.77625
2310 -0.61625
2338 -0.63625
2078 -0.44375
2170 -0.61125
2266 -0.61
2362 -0.7075
2246 -0.76125
2082 -0.59875
2038 -0.415
2002 -0.45
2038 -0.5575
2202 -0.5125
2090 -0.48625
1944 0.5525
2170 0.6025
2008 0.39125
1998 -0.37875
1890 -0.42625
