832 -0.13625
1954 -0.13625
2134 -0.67875
2120 -0.39375
2198 -0.685
2018 -0.44625
2070 -0.5625
1962 -0.5375
2222 -0.6925
2110 0.0875
2014 -0.62625
1942 -0.11125
2116 -0.3525
1818 0.03
1914 -0.31875
1944 -0.06
2180 0.58
2290 0.69125
2120 0.34
2016 0.32125
2048 0.49625
2196 0.56
1778 0.0275
1996 0.235
2082 -0.475
1926 -0.29
1918 -0.48125
2090 -0.4475
2030 -0.62125
2198 -0.43125
2126 -0.56875
1898 -0.235
2058 -0.29625
1874 -0.13625
2072 0.15875
1984 -0.0425
1946 -0.4825
1930 0.23875
2050 -0.37125
2018 -0.415
2078 -0.60625
2238 -0.63875
2170 -0.59875
2314 -0.72375
1958 -0.42625
2264 -0.51625
2062 -0.30375
2012 -0.49875
2122 -0.5475
1926 -0.4925
2090 -0.53875
1954 -0.19625
2026 0.31375
2174 0.5725
1914 0.3225
2128 0.51375
2106 -0.58375
1998 -0.46875
2050 -0.35625
1980 -0.30375
1954 -0.46
2018 -0.01875
2034 -0.12
2174 -0.6475
2054 0.6025
2034 0.40375
2050 -0.5
1850 -0.1775
2058 -0.385
2038 -0.4125
1878 -0.0625
2064 0.2775
1946 0.41875
2072 -0.05625
2090 -0.55625
2030 -0.4775
2018 0.11125
2042 -0.3825
2274 -0.735
2274 -0.65375
2056 0.07
1954 0.1375
2014 0.39875
2018 0.39625
1990 0.1675
1940 0.35
1870 0.53
2078 0.59625
1862 0.155
1922 0.235
1944 0.20375
1986 -0.0125
1974 -0.03125
1854 0.22625
2022 0.23375
1942 0.13625
2046 0.45375
2002 0.4125
1844 -0.04125
2080 0.64625
1992 0.4575
2062 0.1325
2078 0.32
2006 0.3725
2078 0.13625
2014 -0.40125
1900 -0.39375
1850 -0.13625
2190 -0.67625
2142 -0.24125
1820 -0.32875
2118 -0.56375
2114 -0.49625
2078 -0.5125
1970 -0.1475
2232 0.46875
2118 0.15875
1914 -0.24625
1910 -0.05375
1926 -0.37
2182 0.605
2122 0.63875
2000 0.52375
1912 -0.07625
2098 0.54375
2034 -0.4125
2036 -0.555
2114 -0.46625
2042 0.36625
2116 0.5175
2124 0.42625
1902 0.1425
2026 0.1725
2022 0.31375
1982 -0.04875
2106 0.40125
1878 0.4275
2130 0.50625
1982 -0.16
2070 -0.5475
2046 -0.4825
1814 -0.22625
1920 0.36
2050 -0.45
1946 -0.29125
2050 -0.2275
2006 -0.48875
2006 -0.25375
2078 -0.57625
1894 -0.21
2014 -0.32125
1994 0.12125
2206 0.63875
2096 0.5575
1990 0.11625
2046 -0.58875
2224 -0.6225
1982 -0.165
1986 -0.385
2132 -0.635
2050 -0.2925
2186 -0.55375
2062 -0.4725
1982 -0.48
1990 -0.20875
2028 -0.55875
2076 -0.3075
1882 -0.11125
2016 -0.415
2006 -0.56625
1952 -0.4825
2094 -0.46875
2166 -0.55125
2012 -0.62875
2130 0.00875
2010 0.45375
2310 0.70375
2310 0.7275
2092 0.54625
1990 -0.04
2058 0.1025
2098 0.53625
2086 0.29375
1940 0.25875
2346 0.64375
2150 0.445
2038 0.38
1974 0.43625
1954 0.1775
2062 0.48375
2092 0.47625
1876 -0.19375
1988 0.315
2218 -0.62125
1962 0.18
1954 0.0675
2022 0.15125
2006 -0.59375
2052 -0.5925
2040 -0.47
