656 -0.03875
1872 0.09375
2018 0.45125
1938 -0.1875
2082 -0.16
1846 -0.32375
1946 0.085
2158 -0.52375
1766 -0.1625
2012 -0.06125
1930 0.0725
2000 0.48375
2020 0.23625
1966 -0.46
1950 0.3825
1806 0.1225
2042 0.37875
2046 0.43875
2122 -0.40125
2174 -0.43625
1918 0.0725
2008 0.1125
2076 0.4875
2050 0.59
2028 0.01875
2160 0.3625
2048 0.31875
2092 0.13625
1814 -0.2725
2096 0.51625
1956 0.25625
1882 0.16375
2236 -0.49125
1958 0.14625
1842 -0.04375
2062 -0.65375
1998 -0.3975
2154 -0.63
2084 -0.4925
1942 -0.34125
2170 -0.6375
1910 -0.2
2146 -0.105
2058 -0.42625
1846 -0.17375
1978 -0.58875
1974 -0.58625
2062 -0.43375
2202 -0.42875
1844 -0.125
1970 -0.57125
2062 0.1925
1998 0.355
1958 0.2175
1968 0.44125
2014 0.30875
1882 0.12375
1902 -0.2175
2146 -0.07875
2022 -0.35875
1906 0.24
2060 -0.02625
1962 -0.11
2150 -0.66125
2110 -0.57375
2074 -0.52
1954 -0.23375
1990 -0.47375
1906 -0.27875
1922 -0.18
2026 -0.58625
1874 -0.265
2126 -0.5625
1926 -0.13875
2014 0.1
1918 -0.12
1904 -0.0575
1994 -0.2175
2010 -0.45875
1956 0.46875
2026 -0.2275
1902 -0.01125
2010 -0.16
1842 -0.07
1958 -0.1225
1926 -0.07375
2126 -0.46
2106 -0.5325
2238 -0.485
1994 -0.43375
2210 -0.66
1938 -0.16
2018 0.1575
1924 -0.255
1924 -0.26375
2102 -0.01875
1856 0.16875
2158 0.6175
1924 0.32125
2134 0.39875
2022 0.20875
1886 -0.04625
1878 -0.115
1866 -0.01875
2182 -0.70125
2020 0.02625
2042 0.1275
1874 -0.1025
1988 0.47875
1986 0.47
1942 0.015
2018 0.3425
1920 0.1425
1892 0.31
2290 -0.48125
2154 -0.39625
1810 0.0225
1992 -0.28
2078 -0.34
1940 -0.2025
2070 -0.26875
2078 0.6125
1946 0.1275
1986 0.38875
2186 0.31875
2050 0.29875
1958 0.21
2188 0.555
1968 0.37875
1962 0.2975
1932 0.30125
1978 -0.46625
2006 -0.5125
1974 -0.48125
2028 -0.3575
1962 -0.3125
1988 0.1925
1818 0.39
2152 0.6
1900 -0.04
1998 0.1825
2066 -0.49625
2106 -0.2525
2022 -0.58125
2094 -0.58125
2104 -0.45375
1990 0.35875
2178 0.68875
2066 0.4925
2038 0.41
1858 0.38375
1838 -0.36625
2150 -0.495
1898 -0.3225
1996 0.1025
2120 0.64625
2030 0.31625
1926 0.29
2042 0.575
2150 0.6375
1846 -0.08375
1958 -0.29125
2178 0.49625
2050 0.25875
1774 0.0975
1918 0.10875
1934 -0.4475
1976 -0.42
1946 -0.13875
2086 -0.03125
1858 -0.2775
2026 -0.29625
1932 0.44125
2070 -0.415
1978 -0.4725
2070 -0.47625
2054 -0.52625
2014 0.28375
2210 0.33
1898 -0.12875
2206 0.5775
2122 0.25375
2004 0.09625
2042 -0.4725
2018 -0.28375
1922 0.08125
1910 0.21375
1952 0.2225
1894 0.10625
2014 0.26875
1878 -0.37375
1860 -0.42875
2070 -0.65875
1914 -0.33125
2112 0.07
2004 0.0125
1846 0.0775
1974 0.03875
1858 -0.2925
2138 -0.57375
