726 0.0025
2126 -0.69125
2030 -0.56625
1782 -0.3
2142 -0.1125
1970 0.05
1810 0.135
2012 -0.115
1972 -0.41625
1986 -0.43875
1940 -0.39375
2020 0.2075
1862 -0.2075
2056 0.47125
1866 0.21875
2002 -0.2125
2010 -0.2825
1868 -0.31125
2062 -0.21125
1958 -0.24625
2174 -0.6125
1882 -0.085
2010 -0.2275
2022 -0.5725
1818 -0.4025
1906 -0.31625
1870 -0.085
2036 -0.565
2086 -0.44875
1980 -0.49875
2040 -0.3425
1774 -0.1475
1852 -0.25625
2026 -0.59
1934 -0.3775
1930 0.14875
2082 -0.04875
2058 0.0075
1942 -0.4475
2038 -0.46875
1990 -0.1475
2170 0.4625
1896 0.32125
1748 0.18125
1942 0.12625
1964 0.1825
1966 0.39
2142 -0.45125
1946 -0.27625
2118 -0.44625
1998 -0.525
1786 -0.25125
2064 -0.58125
1930 -0.21375
2138 -0.23
2104 -0.4275
1924 -0.48
1786 0.045
2098 -0.4675
1998 -0.46375
2034 -0.55875
1956 -0.155
1884 -0.09
2066 -0.4875
1928 0.13
2090 0.0925
1874 -0.23375
2062 -0.3425
2170 -0.47
2110 0.41375
1922 0.225
1782 0.20625
2220 0.65125
1910 -0.10375
1856 0.31625
2116 0.655
1974 0.3625
1882 0.1325
2016 0.58125
1854 -0.235
1942 -0.24
1982 -0.52
1834 -0.21625
2006 -0.11625
2014 -0.3975
1870 -0.36
2076 -0.23125
1868 -0.21375
2290 -0.6725
2042 -0.61625
1880 0.0375
2050 0.44375
2022 0.0875
1798 -0.30875
2014 -0.26875
1874 -0.12
2250 0.76875
1910 0.17625
1926 0.0025
1990 0.41375
1944 0.40875
2102 -0.4
1898 -0.145
1958 -0.39875
1966 -0.32125
2106 -0.645
1918 -0.32625
1980 -0.47625
1808 -0.145
2018 -0.40375
2186 -0.7125
1958 -0.38625
2062 -0.61125
2250 -0.71375
1950 -0.18125
1890 -0.2475
1742 0.30625
1984 0.385
1850 0.26125
1878 -0.12625
1896 0.11
2008 0.3825
1886 -0.07
1950 -0.435
1870 -0.32875
1968 0.28875
1982 -0.15125
1938 -0.51125
1930 -0.275
1986 -0.255
1874 -0.0975
1904 0.17125
1930 0.1125
1946 -0.13875
2036 -0.49625
1954 0.22
2090 0.515
1970 -0.37125
1902 -0.335
1954 -0.275
2126 0.05625
1906 0.22
2096 0.60875
1926 -0.3175
1906 -0.15625
2006 -0.19625
1866 -0.0125
1816 -0.02625
1940 -0.0425
2050 -0.31375
2170 -0.61125
2006 -0.615
2060 -0.16375
1946 -0.2575
2222 -0.47875
1890 0.02125
2094 -0.61375
2002 -0.2125
2074 -0.1
2038 0.14625
1972 -0.35375
2114 -0.6625
2026 -0.53875
1998 -0.51125
1926 -0.4825
1990 0.2125
2200 -0.1825
1912 0.09875
1870 0.10875
1930 0.16625
1906 0.2875
2042 0.54875
1932 0.1975
1966 -0.5075
1902 -0.33125
1928 -0.0025
2210 -0.5225
2030 -0.3875
1882 -0.21125
1828 -0.22125
1950 -0.5625
1834 -0.10375
1854 0.2225
2042 0.1075
2214 -0.6375
1966 -0.4775
1942 0.01125
2032 -0.36375
2010 0.03875
1920 0.06
1748 -0.13125
1972 0.01875
2040 0.27375
2190 -0.49375
1858 0.03375
2010 -0.2125
2122 -0.6775
1974 -0.31125
1884 -0.51625
1928 -0.36
