802 -0.11625
1850 -0.18
1854 0.045
1966 -0.21625
1840 0.1775
1918 -0.1725
2022 0.0375
1832 0.3
1994 0.16125
1894 0.1575
1846 -0.1675
1938 -0.1175
1986 -0.125
1780 0.11
2130 -0.55875
1888 0.47125
2022 0.025
2114 -0.04625
1834 0.09625
1996 0.23875
1910 -0.335
1794 0.22
1986 0.09625
1916 -0.3275
1854 -0.47
1946 0.55875
2030 0.22125
1854 -0.2425
1766 -0.1525
2002 -0.4125
1982 -0.52875
1984 0.0625
1926 -0.1125
2092 0.42
1954 0.1225
1938 -0.365
1746 0.12375
2016 0.43875
1982 0.50125
2058 0.44125
2028 0.43875
1782 0.11
1978 0.22625
2042 -0.12625
1928 0.33875
1804 -0.02625
2046 -0.42375
1970 -0.195
1898 -0.42125
1758 -0.22125
1860 -0.38125
1994 -0.32625
1988 -0.47375
1850 -0.45
1886 -0.02875
1960 0.44375
2244 0.67125
1954 0.11
1914 0.21375
1778 -0.11375
1810 -0.3825
2036 -0.45625
1978 -0.3
1894 0.12625
2082 0.5525
2122 0.52875
2148 -0.5425
1850 -0.21875
1850 0.31125
1858 -0.19625
1882 -0.40625
1962 -0.3275
2076 -0.345
1930 -0.33
2014 -0.295
1786 0.25
1854 -0.2525
1906 -0.47625
1886 -0.30625
1902 -0.0475
1946 -0.3975
2048 -0.37125
1972 -0.11625
1930 0.0225
1802 0.15125
2030 -0.3275
2032 -0.33625
1714 0.105
1974 -0.0725
1940 0.15375
1842 -0.3725
1902 -0.20375
1932 -0.31625
2028 -0.48375
1894 -0.30375
1692 0.0775
1898 0.105
1914 -0.23
2014 -0.2
1926 -0.28625
1866 0.1925
1798 0.355
1902 0.19125
1866 -0.3375
2082 -0.49625
1936 -0.40625
1882 -0.085
2082 0.0925
2054 -0.56
1870 -0.13875
1874 0.065
2034 0.32
1792 -0.1575
1976 -0.1025
1860 -0.3075
1926 -0.0875
2048 0.44
1924 0.23
1924 0.27
1962 0.38875
1908 -0.44375
1854 -0.0125
2010 -0.09625
2046 0.085
1982 0.00375
1936 0.105
1854 0.25625
1910 -0.23125
1838 -0.18625
1762 0.22125
1930 -0.53125
1810 -0.28
1962 -0.1575
2026 0.055
2178 -0.71
2048 -0.60875
2022 -0.50375
2078 -0.61125
1960 -0.44875
1726 -0.08125
2058 -0.17125
1966 -0.45375
1882 -0.1025
1908 0.36125
1854 -0.17
2098 0.56625
2162 -0.61125
1866 0.08625
2044 -0.48125
2042 -0.33
2136 -0.64875
2038 -0.45
1860 -0.2925
2026 -0.35125
2062 -0.39375
2086 0.2675
1998 0.10375
1922 -0.1725
1882 0.31875
1926 -0.2875
1940 -0.19375
1910 -0.5
1938 0.01375
1982 -0.0975
1990 -0.43
1826 -0.1125
2014 -0.3975
2044 -0.405
1918 -0.3575
2150 -0.68875
2038 -0.44625
1944 -0.03375
2034 0.1
1882 0.0725
1822 -0.1375
1758 -0.03
1910 0.445
2154 -0.32
1934 -0.20625
1986 -0.03875
2198 0.4475
1860 0.1375
2016 -0.13375
2054 -0.2375
1868 -0.12
2050 0.31625
2140 0.3625
1894 -0.07
2126 0.3925
2010 0.3525
1940 0.50625
1886 0.0425
1814 0.1
1904 -0.315
1958 -0.04
1974 -0.29
1830 -0.03875
1890 0.295
1854 0.31875
1884 0.09375
