760 0.0875
1888 -0.22125
1906 -0.405
2026 -0.59375
1766 -0.38125
1874 0.34375
1882 0.3525
1738 -0.145
1894 -0.12375
1902 -0.28375
1962 -0.46625
1910 -0.4125
1964 0.08125
1950 0.26
1922 -0.01
1994 -0.29875
2056 -0.01125
2006 -0.235
1934 0.18875
1856 -0.265
1964 0.29375
1950 -0.2075
1990 -0.3475
2110 -0.61
1946 -0.24375
1974 -0.13625
1746 0.06
1946 -0.46125
1986 -0.01125
1888 0.1575
1900 0.2075
1984 0.4275
1954 -0.3625
2134 -0.5275
1842 0.0275
1842 -0.25625
1794 -0.30375
1886 -0.145
1880 0.0775
1874 -0.32625
1920 -0.39
1862 -0.07625
1730 -0.2425
1878 -0.0425
1758 0.2175
1758 0.00375
2214 -0.635
1928 -0.48
2104 -0.18875
1926 -0.45375
1858 0.0825
2066 -0.50125
1902 0.19125
2034 -0.15875
1826 -0.09875
1884 0.1675
1798 0.13
1950 0.215
1878 -0.04
1952 0.27125
1916 0.39
1992 0.04875
1982 0.37
1834 -0.08625
1956 0.02375
1882 -0.2575
1932 0.0325
1900 0.15875
1836 -0.145
1838 0.33125
1800 0.02125
1868 -0.1675
2026 -0.23375
2024 -0.0525
2126 0.33625
2078 -0.01875
1864 -0.19125
1942 -0.18875
1976 0.3325
1902 0.38375
2136 0.66875
1954 -0.04625
1906 0.1675
1826 -0.25625
2110 -0.485
1894 0.35875
1958 -0.05125
1906 -0.17875
1872 -0.29625
1790 -0.0525
1786 -0.1225
1932 -0.4375
1830 0.2075
2038 0.23875
1942 0.055
2026 -0.1725
1944 0.0825
2044 0.46875
2098 -0.43
1918 -0.35625
1806 -0.0675
1806 0.14875
1778 0.2975
1972 0.2875
2032 -0.56625
2042 0.235
2106 0.33
1850 -0.07875
1960 -0.54375
1912 -0.38375
1950 -0.265
1940 0.12
2010 0.085
1914 0.07625
1786 -0.17375
2090 -0.42375
1798 -0.115
2022 -0.46375
1950 -0.47875
2068 0.12375
1876 0.4375
1880 -0.18375
1750 -0.43625
2022 -0.405
1938 0.13125
1968 -0.09375
2018 0.435
1894 -0.0575
1866 -0.21875
1924 -0.2625
1850 -0.40375
1910 -0.315
1956 0.22875
1814 -0.07875
1814 -0.24625
1932 -0.31875
1924 -0.2875
1894 0.3775
1974 -0.35
1914 0.18625
1850 0.08375
1842 -0.03
1908 0.16125
2062 0.37875
1864 -0.00625
1794 0.05125
1930 0.5075
2062 0.195
1894 0.405
1954 0.22375
2008 -0.38875
2172 -0.54375
1654 0.07
1930 0.06
1750 0.05125
1942 -0.335
2122 0.28
1898 0.38375
2134 0.66
1786 0.26
1692 -0.1725
1992 -0.3475
2034 -0.63625
1990 -0.38625
1800 0.095
1750 0.09
1942 -0.10625
1974 -0.41375
2082 -0.29
1874 -0.39125
2050 -0.3475
2002 -0.4725
1830 0.3275
1854 -0.1825
1926 -0.3975
1842 -0.22875
1938 -0.25375
1898 -0.0825
1846 0.35875
1768 0.0425
2018 0.41875
2054 -0.35375
2012 -0.105
2102 -0.60375
1980 -0.14
1944 -0.3275
1982 0.0875
2054 -0.075
1922 -0.3825
1876 -0.1825
2078 -0.42125
1838 -0.22875
1928 -0.05375
1752 0.08625
2110 -0.625
1978 -0.2375
2042 0.51125
1906 0.18
1828 0.07125
2048 0.31
