804 -0.02375
2030 -0.05625
1960 0.3425
1858 0.07875
2054 -0.12
1834 -0.15
1756 -0.21125
1758 -0.05125
1916 0.30125
1992 0.08625
2104 0.67875
2014 -0.42375
2104 -0.6625
2042 0.50375
1894 -0.1275
1958 -0.13125
1804 -0.0525
1902 -0.3625
1832 -0.17625
1856 -0.06
1794 -0.02875
1816 0.275
2010 0.41875
1976 0.02875
1820 0.2375
1742 -0.04
1834 0.07375
2082 -0.45125
1882 -0.1625
2030 -0.15625
2010 0.42625
1982 0.00875
1866 0.20125
1982 -0.495
1792 0.16625
1866 0.085
1982 -0.235
1998 -0.5525
1904 -0.0375
1936 0.04875
1818 -0.13375
1930 0.15125
1918 -0.14375
2038 -0.18875
1716 -0.18875
1918 0.16625
2122 -0.58375
1938 -0.2325
1894 -0.48
1906 -0.2425
2006 -0.23375
1882 -0.095
1966 0.32625
1882 0.2075
1852 -0.2025
1826 -0.065
1986 -0.3175
1858 0.00375
2024 0.4775
2050 0.5075
1852 0.1475
1698 0.08375
1838 -0.1825
1966 -0.49
1910 -0.20125
1864 -0.1475
2182 -0.61875
2072 -0.15
1958 0.16
1886 -0.175
1758 0.13
2016 0.29125
1862 -0.03875
1928 -0.09
1902 -0.30875
1854 0.195
1918 -0.54875
1854 -0.01
2006 -0.3475
1834 -0.18875
1810 0.09
1894 -0.2925
1806 -0.28625
1926 -0.1975
2108 0.4075
2022 -0.5925
1878 -0.35625
2006 -0.44875
1990 -0.3225
1886 -0.3675
1990 -0.41625
1868 -0.4925
2042 -0.1775
1918 0.01375
1938 0.1025
1784 -0.24875
1778 -0.21875
1886 0.12875
1910 0.22875
1946 -0.0825
1988 0.5275
1998 0.28375
1990 -0.46625
1758 0.07375
1854 -0.05375
2018 -0.3
1760 -0.16875
1858 0.02625
1880 -0.025
1954 -0.05375
1996 0.00375
1826 0.03
2050 -0.08875
1992 -0.2425
1982 -0.22
1962 0.07625
1822 0.14875
1972 0.2325
1922 0.31375
1790 -0.2725
1890 -0.44
2028 0.59125
1954 -0.36625
1928 -0.34
1950 -0.3175
1970 -0.355
1924 -0.00125
1782 0.0975
1930 -0.10875
1806 0.0925
1898 0.47
1922 0.12375
1742 -0.00375
2146 0.28875
1862 0.5
1850 0.115
1914 0.0225
2000 0.345
1782 0.00125
1814 -0.42
1980 -0.19125
1842 -0.275
2036 -0.3175
1858 -0.3225
1678 -0.29875
1918 -0.25125
1866 -0.34
2030 -0.41625
1906 -0.1375
1878 0.2675
2106 -0.47875
1962 0.17
1964 0.37625
2166 -0.595
1770 -0.17625
1870 0.01125
1950 -0.2875
1888 -0.19625
1952 -0.34625
2022 -0.44125
1926 -0.30375
1860 0.32625
1968 0.18875
1896 0.14625
1792 -0.125
1892 -0.345
2116 -0.5475
1930 0.14875
1780 0.275
1930 -0.0225
1900 -0.4325
1886 -0.42
1806 0.0575
1854 0.45875
1826 -0.1325
1898 -0.43
1910 -0.305
1808 -0.02375
1910 -0.2825
1918 0.29
1886 -0.05875
1914 -0.50375
1850 0.4575
1762 0.22625
1876 0.05625
1932 -0.17875
1886 -0.16375
1798 0.24375
1942 0.02125
2194 0.6025
1942 0.4925
1936 0.0025
1902 -0.38875
1904 -0.2475
1834 -0.11125
2120 -0.13
1922 -0.4625
1964 -0.45875
1860 -0.2125
1986 0.02
