758 0.05875
1944 -0.05125
1858 -0.3125
1952 -0.325
1874 0.1075
1930 -0.36
1934 -0.43875
1808 -0.18125
1888 -0.31375
2032 0.19625
2012 0.5025
1960 -0.405
2096 0.45375
1866 0.1425
1794 0.255
1812 0.21125
1926 0.4475
1746 -0.0025
1912 -0.11625
1886 0.1875
1854 0.08125
1802 -0.2375
1942 -0.35375
1856 0.0025
1836 -0.2275
1782 -0.03625
1752 0.13125
1922 0.13625
1846 0.14125
1816 -0.02125
2066 -0.1875
1924 0.125
1982 0.22
1830 0.2175
1822 0.0975
1832 0.01875
1802 0.16625
1966 -0.3825
1942 -0.085
1924 -0.255
1812 -0.01625
1724 0.12
1796 0.3825
1830 0.265
1976 0.5975
1698 -0.065
1936 -0.2325
1906 0.34125
1862 0.115
2078 0.11
1858 0.4
1916 -0.27
1916 -0.4175
2146 -0.41
1904 -0.25375
1950 -0.48375
1886 -0.11125
1888 0.48625
2070 0.3375
2052 0.07
1786 0.0025
1760 -0.10375
1906 -0.39375
1876 -0.12375
1842 -0.2325
1878 0.12375
1854 -0.0625
1842 0.00375
1816 -0.45625
1830 0.38125
1898 0.2
1824 0.0675
1894 0.07
1830 -0.0925
1838 0.12625
1716 0.0025
1922 -0.5025
1938 -0.41375
2122 -0.61375
1818 -0.22375
2062 -0.44875
1802 -0.055
1878 -0.34875
1720 -0.05
1834 0.28
1806 0.125
1846 -0.36875
1880 -0.52375
1888 0.2025
1880 0.195
1786 0.07375
1792 -0.20125
1906 -0.4075
1930 -0.0625
2230 -0.665
1734 -0.11125
1630 -0.08625
1810 0.34125
1920 0.52125
1962 0.4175
2038 -0.18
1834 -0.23
1854 -0.26125
1798 0.09875
1882 -0.15375
1870 -0.16625
2046 -0.52
2070 -0.29875
1844 -0.1
1874 0.2675
1866 0.35125
1776 0.14
1878 -0.425
1922 0.085
1804 -0.2925
1832 0.41625
1772 0.15375
1914 0.05625
1842 -0.32125
1862 -0.335
1934 0.15125
1770 0.14375
1956 0.03625
2082 0.21
1770 0.05875
1918 -0.115
1850 -0.2925
2002 -0.27875
1774 -0.175
1912 -0.05375
1918 0.39375
1962 0.20125
1848 0.155
2034 0.36875
1886 0.09125
1898 -0.38125
1806 0.0025
1962 0.14375
2070 -0.3275
1962 -0.25125
1974 0.25125
1950 -0.43625
1856 -0.0425
1894 -0.475
1834 -0.02375
1902 -0.11125
1914 -0.11625
1950 -0.245
1994 -0.38875
2172 0.1675
1924 -0.42625
1914 0.18375
1844 -0.21875
1846 -0.28875
1960 -0.44125
1890 -0.32375
2002 -0.58
1814 -0.33875
1842 0.00875
1890 -0.0475
1894 -0.205
2142 -0.51
1998 -0.44625
1848 -0.19875
1914 -0.26
1962 -0.5075
1968 -0.015
1910 -0.33375
2028 -0.01375
1884 0.07
1896 -0.2825
1842 -0.31
1962 -0.1925
1946 -0.1125
1946 0.1025
1778 0.015
1930 -0.09
1866 -0.22
1878 -0.1525
1830 -0.01
1890 0.04375
1812 0.44875
1714 0.14875
1790 -0.1625
1814 -0.31375
1700 -0.0525
1834 0.07
1920 0.32875
1748 0.115
1914 0.1275
1854 -0.0975
2014 -0.0275
1918 -0.31125
2138 -0.0025
1994 0.36875
2018 0.44
1918 0.2975
1894 -0.31
1844 -0.085
1938 -0.49125
