850 0.1475
1772 -0.1475
1766 -0.19625
1844 -0.39375
1798 -0.0725
2080 -0.40375
1826 0.0225
2078 -0.55
1878 0.14375
2004 0.48125
1872 0.42875
1920 0.2125
2042 -0.2575
1894 -0.13875
1986 -0.02375
1826 -0.23875
1694 0.1325
1846 -0.205
1866 0.255
2042 -0.46625
1672 -0.18375
1786 0.185
1870 0.205
1720 -0.2375
1762 -0.125
1938 -0.46
1678 -0.0725
1902 -0.48
1830 0.105
1764 0.21125
1774 0.3325
1974 0.03625
1808 -0.0125
1832 0.31375
1942 0.0175
1822 -0.29
1830 0.01375
1786 -0.26375
1858 -0.2375
1918 -0.3975
1814 0.03
1842 -0.14625
1906 -0.1475
2024 -0.4475
1786 0.3075
1986 0.415
1966 0.51
1912 0.36375
1840 -0.28375
1786 0.0225
1684 -0.04375
1866 -0.10375
1894 -0.04875
1818 -0.0525
1702 -0.16
2118 0.23125
1858 -0.245
1972 -0.10875
1874 -0.03375
1818 -0.14625
1938 0.10125
2046 0.38875
2086 0.5125
1850 -0.0725
1732 -0.01
1794 0.18375
1812 -0.01875
1972 0.33375
1730 0.075
1936 -0.3075
1862 0.07875
2016 0.2525
1930 0.11
1822 0.0425
1980 -0.0275
1764 0.0375
1954 -0.27125
1772 0.07875
1872 -0.1675
1934 -0.02875
1938 -0.47625
1882 0.165
1730 -0.16125
1670 -0.23
1858 0.385
1880 0.37375
1828 -0.235
1866 -0.235
1922 -0.47375
1810 -0.01375
1976 0.35875
1876 0.21375
1986 -0.30625
1844 -0.00625
1794 -0.27
1986 0.0375
1770 -0.185
1794 0.05375
1806 0.12125
1732 -0.19125
1862 -0.07375
1890 0.39125
1860 0.41875
1900 0.1975
1884 0.2075
1804 -0.13875
2014 -0.4825
1714 -0.1725
1890 -0.17375
1970 0.57375
1998 0.045
1866 0.0675
1942 -0.33125
1894 0.04375
1624 0.15375
1798 -0.04375
2030 -0.47
1792 -0.245
1754 -0.23375
1938 0.11875
1846 -0.2425
1882 -0.23125
1786 0.33
1964 0.2125
1900 0.33875
1802 -0.26375
1898 -0.32125
1766 0.00375
1878 0.51
2006 0.3875
1694 0.32875
1878 0.015
1926 -0.2975
1690 -0.21125
2000 0.3725
1894 0.04625
1942 -0.34625
1982 -0.3625
1876 0.1125
1918 -0.5475
1994 -0.1325
1808 0.00125
1786 0.20375
1876 -0.0225
1990 0.33
1774 0.25625
1852 0.2375
1776 0.08875
1878 -0.33125
1814 0.0075
1900 0.14375
1934 0.165
2170 0.505
1914 0.1125
1932 -0.205
1906 0.33875
1774 -0.075
1814 -0.0925
1946 -0.24125
1850 -0.39
1986 0.07125
1790 0.15875
1856 -0.01
1876 0.38625
1976 0.125
1886 0.05
1684 0.18375
1842 0.12875
1860 -0.21875
2102 -0.57
1858 0.28
1934 -0.195
2042 -0.39875
1920 0.29125
1810 0.1775
1942 -0.28875
1764 -0.0725
1970 0.00375
1850 -0.055
1874 0.1225
1870 0.10625
1840 0.2575
1856 -0.0675
1778 0.18875
1972 0.335
1766 -0.195
1956 0.41625
1904 0.12625
1798 -0.01375
1832 0.1325
1894 0.2275
1902 -0.3275
1938 0.29
1944 0.26125
1966 -0.08125
2110 -0.2725
1930 0.01125
1978 -0.53125
1874 -0.46875
1772 -0.31375
