780 0.1125
1768 0.34
1962 0.05375
2000 0.04625
2006 -0.16125
1750 0.1175
1930 0.24875
1812 0.105
1802 -0.18
1896 -0.13
1758 -0.07125
1796 -0.19625
1874 0.02875
1774 -0.14125
1786 0.105
1946 -0.07
1838 -0.02875
1986 -0.23625
1970 -0.40375
1882 -0.0225
1764 0.33375
1796 0.115
1868 0.2075
1962 -0.365
1734 -0.15875
1976 0.4125
1762 -0.14
1760 -0.115
1928 -0.13375
1966 -0.22
1790 0.05625
1934 -0.12125
1858 -0.0025
1820 -0.29625
2078 -0.45625
1914 0.2075
1718 -0.05
1870 -0.0325
1822 0.14125
1870 -0.39625
1954 0.12
1944 -0.2975
1730 -0.0925
1926 -0.34625
1756 0.04125
1990 -0.515
1740 0.19625
1966 -0.31625
1884 -0.26875
1864 -0.40375
1814 -0.06375
1980 -0.22875
2046 -0.32
2018 -0.59625
1830 -0.12625
1960 -0.4125
2170 -0.48625
1730 -0.24375
1856 0.3775
1818 0.4525
1854 0.2325
1918 -0.1175
1916 0.0875
1864 -0.035
1746 0.00125
1810 -0.25
1798 -0.32375
1790 -0.11375
2098 -0.175
1962 -0.43875
1726 -0.045
1900 0.44125
1932 0.22875
1936 -0.10625
1736 -0.31
1918 -0.25125
1936 -0.215
1812 -0.36875
1762 -0.13875
1790 -0.21
1920 0.31125
1904 0.205
1952 -0.06375
1854 -0.0225
1832 0.35625
1834 0.055
1934 -0.5325
1798 -0.10625
1792 -0.28375
1852 -0.3175
1874 -0.16625
1962 -0.04375
1860 -0.06625
1834 -0.05375
1850 -0.24875
1914 -0.13
1754 0.01
1922 0.05375
2010 -0.13625
1950 0.15
1838 -0.085
1990 -0.3325
1804 -0.25125
1934 -0.0525
1800 0.15875
1830 -0.08875
1878 0.28375
1954 -0.56125
1920 0.275
1862 -0.255
1756 -0.14
1826 -0.02
1960 -0.18
1914 -0.1025
1908 0.21125
1894 0.155
1854 -0.0025
1854 0.02625
1738 0.08125
1814 -0.06125
2042 -0.1625
1948 -0.07625
1826 -0.07125
1906 -0.24625
1804 -0.12875
2010 -0.4275
2014 -0.54125
2068 0.56125
1876 -0.0525
1818 -0.23875
1888 0.32125
1894 -0.26
1838 -0.26875
1798 -0.19375
1868 -0.145
2138 0.60625
1980 0.0875
2006 -0.38625
1826 -0.37
1912 0.005
1906 -0.00875
1982 -0.1825
1906 -0.22625
1834 0.44375
1830 -0.09375
1782 0.0925
1962 -0.17375
1816 -0.0425
1828 -0.21
1740 0.1275
1832 -0.1875
1950 -0.27
1582 -0.1425
1752 -0.10375
1664 -0.0125
1854 0.39125
1798 -0.2725
1662 0.0325
1800 0.01875
1962 -0.06875
1846 -0.05875
1814 0.0125
1936 0.52375
1830 0.27875
1870 -0.12625
1810 -0.07875
1778 -0.195
1922 -0.22875
1906 0.37375
1798 0.2275
1902 -0.30125
1858 0.04125
1898 0.2725
1912 0.1625
1722 0.1
1858 -0.24625
2074 0.5075
1786 0.08375
1838 0.2525
1904 -0.25
1850 -0.095
1816 -0.14875
2026 0.51875
1758 0.00375
1942 -0.38375
1940 0.2
1918 0.21
1746 0.265
1898 0.2325
1866 0.12875
1934 0.2225
1706 -0.19375
1838 0.11625
1934 0.1125
1862 -0.0975
1814 0.3425
1656 -0.00125
1990 -0.26
1698 0.24
1990 0.13875
