776 -0.1225
1802 0.1625
1764 -0.275
1686 0.05
1898 -0.05625
1890 -0.13625
1788 -0.2925
1976 0.44
1758 -0.085
1748 0.0875
1924 -0.0525
1676 -0.1225
1970 -0.21
1816 0.4025
2034 -0.055
1878 -0.38
1924 -0.06375
1704 0.07875
1702 0.27875
1892 0.00125
1690 0.0175
1766 0.2225
1870 -0.025
1722 0.2225
1994 -0.1825
1806 -0.0825
1886 -0.07625
1812 -0.09875
1992 0.40875
1850 -0.09625
1946 -0.0925
1978 -0.54875
1666 -0.17625
1958 0.3075
1844 0.30875
1870 -0.06625
1782 0.00375
1980 0.0225
1864 0.14625
1898 0.3
1798 -0.2275
1942 -0.395
1818 -0.245
1914 0.2275
1790 0.045
1798 -0.3225
1974 0.16125
1818 -0.09375
1822 0.1875
1898 -0.1025
1890 -0.14625
1838 0.02125
1834 -0.03875
1758 -0.13375
1622 -0.03125
1762 0.27375
1844 0.315
1950 -0.20625
2082 0.4225
2174 0.4125
1854 -0.0625
1672 0.0425
1726 -0.13625
1894 0.2
1938 0.285
1888 -0.03625
1642 0.105
1756 0.23875
1882 -0.31
1958 -0.3225
1882 -0.42125
1774 0.00625
1910 0.10875
1854 -0.15875
1850 0.14625
1900 -0.0975
1746 -0.1225
1922 0.105
1778 0.20125
1738 0.385
1926 -0.255
1970 0.175
1894 -0.11
1602 -0.07375
1822 -0.15625
1894 0.13375
1794 -0.28625
1722 0.00375
1946 -0.20375
1886 -0.37375
1874 0.205
1740 -0.0675
1798 0.115
1802 -0.0375
1806 -0.055
1940 -0.29875
2018 0.435
1938 0.255
1884 0.05875
1750 -0.025
1916 0.4525
2014 0.48875
1714 0.08375
1934 0.1975
1794 -0.22375
1958 0.07
1938 -0.41625
1826 -0.06375
1902 -0.37
1806 0.26
1836 0.06125
1774 -0.05375
1754 0.145
1870 0.45625
1670 -0.245
1894 0.1175
1766 -0.0375
1794 -0.19625
1842 -0.00125
1862 -0.10375
1902 0.01625
1874 -0.32375
1808 -0.0675
1890 0.1925
1798 0.0825
1856 0.21625
1622 0.28875
1810 -0.24
1842 0.205
1930 0.1775
1890 0.0675
1938 -0.48875
1844 -0.2175
1922 -0.08125
1902 -0.05125
1872 0.22875
2030 0.60875
1710 0.295
1968 0.2775
1788 -0.11625
1688 0.0525
1962 -0.13625
1854 -0.16
1916 0.2075
1810 -0.26625
1910 0.03125
1580 0.10375
1854 -0.3275
1814 0.2675
1758 0.205
1898 -0.2775
1782 0.095
1646 -0.06
1890 0.0875
1976 0.4475
1734 -0.01875
1964 0.27375
1774 -0.055
1982 -0.1525
1946 -0.46625
1734 -0.12
1862 -0.07875
1858 -0.1525
1850 -0.11
1964 0.03625
1936 0.45375
1980 0.17625
1930 -0.03375
1866 -0.275
1790 -0.13
1674 0.0925
1690 -0.1325
2130 -0.17
1902 -0.18625
1744 -0.06875
1806 0.23
1772 0.17
1882 -0.315
1846 -0.07375
1822 0.1575
1834 -0.1175
1882 0.12625
1786 0.01375
1808 0.16375
1718 -0.03625
1836 -0.265
1806 0.03875
1810 -0.37
1868 0.10375
1828 -0.06
1800 -0.195
1988 -0.295
1826 -0.0175
1778 0.07875
1826 0.17625
1730 -0.38
2038 -0.06
1814 -0.215
1962 -0.13375
1978 -0.45625
