832 0.02375
1918 0.0675
1846 0.00625
1958 0.16
1910 -0.0075
1784 -0.14
1686 0.1975
1848 0.02875
1804 -0.295
1774 0.18125
1806 -0.1625
1830 0.29875
1888 0.4175
2010 -0.11625
1912 -0.005
1820 0.2075
1708 0.03
2034 0.4125
1744 -0.21375
1812 0.3475
1874 0.1625
1752 0.23375
1778 0.1775
1794 0.4325
1818 0.1925
1788 -0.3425
1764 0.365
1856 -0.1225
1614 0.02
1898 0.08
1942 -0.24375
1858 -0.145
1734 -0.00875
1890 0.1925
1870 0.1275
2062 -0.11125
1706 0.17
1848 -0.4025
1974 -0.46375
1876 0.1675
2018 -0.0975
1954 -0.30125
1800 -0.335
1818 -0.27375
1714 0.05125
1760 0.25125
1766 -0.12625
1690 0.35625
1794 0.18375
1730 -0.1725
1888 0.2975
2004 -0.03375
1974 0.50375
1924 0.12625
1786 0.15
2006 0.5075
1830 -0.2925
1964 -0.0425
1682 0.26625
1760 0.0925
1766 -0.0625
1846 -0.35375
1862 -0.10625
1746 -0.28625
1926 0.06875
2102 0.475
1810 -0.10875
2210 -0.6525
1974 -0.325
1830 0.2625
1918 -0.42125
1858 -0.15
1838 0.0075
1860 -0.2075
1850 -0.24125
1798 -0.1525
1618 0.1025
1682 0.13875
1758 -0.1175
1830 -0.22875
1838 0.05875
1748 0.10875
1782 -0.02125
1848 -0.33
1966 -0.1325
1724 0.0475
1906 0.35375
1822 -0.14625
1682 0.04
1798 -0.16375
1838 -0.335
1766 0.10875
1872 -0.3075
1874 0.40625
1842 0.0225
1750 -0.13125
1670 -0.14875
1830 -0.21625
1666 0.04625
1692 -0.19375
1918 0.07875
1904 0.32625
1838 -0.33125
1946 0.2025
1662 -0.1925
1796 -0.2725
1950 -0.2975
1818 0.26375
1868 -0.02375
1802 -0.2
1838 -0.35625
1906 -0.37125
1900 0.05875
1910 0.5325
1850 -0.50625
1866 -0.05875
1776 -0.0475
1698 0.09125
1834 -0.31625
1658 -0.09
1666 -0.0325
1846 0.18875
1766 -0.06
1718 -0.22375
1902 -0.42875
1888 -0.30375
1938 -0.0375
1798 0.0325
1850 0.235
1882 -0.39375
1710 0.07125
1792 -0.245
1814 0.3025
1914 -0.23875
1830 -0.06375
1730 -0.31375
1804 -0.2825
2090 -0.56625
1628 -0.045
1878 -0.3825
1874 -0.22625
1748 0.04875
1804 -0.3925
1786 -0.1575
1686 -0.07125
1850 0.3075
1824 -0.28875
2034 0.19
1738 -0.2925
1706 0.18125
1802 -0.2375
1738 -0.12375
1954 -0.43
1790 -0.185
1830 0.2775
1922 0.055
2096 0.58
2034 -0.4625
1710 -0.14625
1702 0.22125
1674 -0.31125
1742 0.2975
1886 0.14875
1866 -0.06875
1860 0.15
2074 -0.335
1826 -0.20875
2012 -0.43125
1762 -0.255
1986 -0.02125
1842 -0.1325
1964 -0.01625
1882 -0.0275
1782 0.12125
1854 -0.125
1778 -0.18625
1826 -0.0475
1846 -0.22625
1978 0.34125
1978 -0.35625
1994 -0.005
1918 -0.4175
1774 -0.22375
1658 0.2225
1892 0.06125
1722 -0.00125
1638 -0.1675
1802 -0.27625
1828 0.195
1922 -0.31
1758 -0.28625
1774 0.02375
1682 -0.2725
1778 -0.00875
1772 0.2925
1874 0.09875
1942 -0.19375
1736 0.205
1598 -0.0225
1734 -0.3025
