756 -0.00625
1842 -0.17625
1826 -0.29375
1730 -0.0825
1738 -0.33625
1806 0.235
1810 -0.02625
1610 -0.21375
1718 0.14
1762 -0.30875
1822 -0.235
1808 0.235
1850 0.3225
1876 -0.06875
1904 0.3525
1780 0.2975
1874 -0.315
1898 0.345
1870 -0.095
1770 -0.115
1800 -0.18875
1778 0.0075
1862 0.03
1776 0.0975
1818 -0.1275
1882 -0.2025
1882 -0.1575
1910 -0.0525
1686 0.175
1942 -0.16625
2076 0.5275
1688 -0.05625
1770 -0.235
1862 -0.00625
1694 -0.065
1798 -0.03875
1706 -0.08
1734 0.0225
1814 0.29875
2022 0.34875
1998 -0.53875
1778 0.08
2018 0.06625
1760 -0.21625
1838 -0.08375
1800 0.3075
1874 -0.33375
1750 -0.03375
1586 -0.155
1992 0.1725
1774 0.15625
1834 0.1225
1758 -0.03875
1716 0.19375
1954 0.3075
1962 -0.19
1810 -0.01625
1850 -0.085
1812 -0.18
1934 -0.36125
1806 -0.19375
1832 -0.04125
1826 -0.05125
1874 0.03375
1954 -0.19625
1592 -0.14
1866 -0.12625
1934 -0.23125
1530 -0.23125
1706 -0.0925
1798 0.2175
1738 -0.00625
1892 0.2375
1734 -0.1525
1862 -0.0575
1892 0.03875
1738 0.1725
1808 -0.26
1874 -0.1275
1850 0.3875
1740 0.07
1824 -0.0175
1840 0.0825
1778 -0.15875
1962 -0.23125
1768 -0.1075
1770 0.13125
1818 -0.22875
1910 0.1525
1658 -0.18625
1698 -0.065
1998 -0.20875
1924 0.30375
1878 0.20125
1630 0.04125
1858 0.2175
1746 -0.315
1744 0.2825
1924 0.03375
1870 0.2425
1790 -0.1375
1598 0.035
1772 0.00625
1742 0.1275
1706 -0.16875
1640 0.115
1912 -0.24
1770 -0.1025
1800 0.0825
1778 -0.3175
1712 -0.14375
1814 0.45875
1850 -0.32
1746 0.12375
1838 -0.15875
1902 -0.23625
1858 -0.3575
1786 -0.12
1946 -0.12375
1764 0.01625
1880 0.275
1812 -0.12
1824 -0.1275
1830 -0.15875
1882 0.09875
1666 -0.10625
1786 -0.28875
1904 -0.3575
1764 0.01625
1806 -0.31
1710 -0.2
2002 -0.00625
1754 -0.05625
1608 0.045
1788 0.13375
1698 0.20375
1746 -0.03875
1834 0.16
2054 -0.14
1634 -0.04875
2030 -0.60625
1724 -0.31
1700 0.19
1654 -0.12875
1630 -0.085
1774 0.05375
1928 0.38625
1782 -0.15375
1860 -0.33
1760 -0.355
1862 0.12125
1906 -0.36125
1718 0.045
1722 -0.04375
1906 -0.22
1946 0.5625
1954 -0.3625
1738 -0.105
1810 -0.4025
1746 -0.23625
1736 -0.19
1642 0.035
1830 0.29
1810 -0.05875
1760 -0.07
1878 -0.12375
1854 -0.28875
1806 -0.0175
1806 0.15875
1790 -0.045
1718 -0.225
1682 0.11125
1794 -0.0725
1858 -0.16875
1896 0.00125
1994 -0.5425
1826 -0.275
1818 -0.10625
1908 -0.32625
1730 0.30625
1686 0.17125
2118 -0.4825
1838 -0.15375
1766 0.19375
1836 0.06375
1782 -0.31375
1822 0.23375
1834 -0.13625
1874 -0.345
1674 -0.065
1834 -0.08125
1964 0.51625
1910 0.02
1658 0.1
1722 0.12625
1926 0.0275
1798 -0.26625
1966 0.44875
1870 -0.14875
1842 0.32
