702 -0.05875
1704 -0.0675
1728 0.02875
1792 0.3125
1642 0.20875
1802 -0.17875
1840 0.45625
1750 0.21625
1898 -0.25375
1830 -0.02
1714 -0.295
1766 0.15375
1758 0.135
1812 0.0125
1782 -0.3
1954 -0.155
1788 -0.0875
1690 -0.28
1946 -0.175
1734 -0.21625
1796 -0.01
1922 -0.24875
1812 -0.00375
1696 -0.21375
1854 -0.11
1830 0.08875
1780 0.1575
1648 0.0425
1742 0.04
1694 0.025
1752 0.28875
1608 0.03875
1700 0.005
1680 -0.03125
1646 0.21125
1822 -0.0575
1874 0.3925
1950 -0.34
1708 0.0475
1670 0.06625
1750 -0.095
2014 -0.185
1672 0.24
1974 -0.18
1766 0.015
1810 0.06625
1712 0.00875
1842 0.06625
1842 -0.35625
1806 0.2025
1646 -0.07875
1674 -0.0825
1826 -0.26125
1646 0.0975
1686 -0.195
2044 -0.49125
1684 -0.1875
1822 -0.31
1722 0.09875
1858 -0.11625
1820 -0.295
1766 0.07375
1728 -0.005
1690 0.18625
1602 0.045
1714 0.21875
1802 -0.13875
1734 0.0475
1754 -0.07625
1562 0.08125
1730 0.2975
1952 0.38875
1724 -0.01375
1670 -0.01
1820 0.3
1718 -0.0275
1708 -0.09625
1742 -0.105
1742 0.025
1630 0.15375
1742 0.19875
1832 -0.1025
1756 0.02
1748 -0.09625
1732 -0.01625
1722 -0.26375
1786 0.14
1802 -0.29375
1756 0.4175
1918 -0.00125
1802 0.14875
1850 0.065
1870 -0.0875
1870 0.08375
1744 0.00625
1730 -0.01625
1802 0.0525
1820 0.0725
1824 -0.235
1804 -0.3275
1998 -0.53125
1902 -0.1525
1838 -0.0425
1836 -0.1075
1710 -0.16875
1866 -0.365
1812 -0.1375
1832 -0.05875
1824 -0.04125
1670 0.18625
1882 0.0975
1804 -0.035
1582 -0.205
1772 0.0575
1882 -0.32875
1792 -0.185
1766 -0.05
1732 -0.245
1846 0.275
1884 0.1875
1740 -0.1375
1836 0.21625
1810 0.185
1822 -0.11875
1806 0.09125
1858 0.47
1862 -0.1625
2018 0.1325
1726 0.015
1902 0.33
1672 -0.095
1738 0.11625
1886 -0.265
1978 -0.4425
1766 0.02875
1534 -0.215
1828 -0.24625
1802 0.06625
1778 0.245
1902 -0.315
1808 -0.3825
1886 -0.04125
1778 0.26
1954 -0.26
1666 0.0675
1866 -0.26625
1756 -0.34125
1854 0.00375
1880 0.1725
1926 0.05625
1768 -0.0875
1710 -0.2025
1818 -0.3925
1840 0.245
1828 0.34
1738 -0.305
1768 -0.04375
1858 -0.13
1698 0.0525
1874 -0.15375
1806 -0.03375
1594 -0.04875
1868 -0.12125
1678 -0.1175
1760 0.2175
1826 -0.085
1830 -0.12625
1702 -0.03
1826 -0.01375
1882 0.18875
1654 0.055
1678 -0.095
1962 -0.115
1638 0.10125
1846 0.14125
1806 0.01875
1754 -0.06125
1862 -0.15
1744 0.13375
1850 -0.3075
1730 0.08625
1782 -0.065
1758 0.1875
1722 0.0175
1760 -0.045
1906 0.315
1830 0.17375
1898 0.095
1730 -0.05625
1742 0.01625
1806 -0.24
1762 0.0525
1822 -0.065
1706 -0.1175
1730 -0.27875
1708 -0.3775
1776 -0.36125
1802 0.0725
1850 0.265
1686 -0.05
