878 -0.17
1864 0.15375
1664 -0.0675
1892 0.28125
1810 -0.21
1858 -0.11125
1680 -0.13125
1994 -0.4775
1906 0.28
2064 0.33125
1764 -0.3275
1932 0.3125
1778 0.11375
1626 0.0575
1826 -0.2725
1758 -0.07875
1902 0.00125
1834 0.02125
1758 0.26625
1794 -0.065
1794 -0.08
1694 -0.0775
1730 0.10625
1758 0.1675
1730 -0.11125
1814 0.0725
1930 -0.47875
1770 -0.135
1882 -0.39375
1932 -0.46625
1944 0.21875
1962 -0.51625
1758 -0.31375
1794 0.26
1798 -0.37875
1738 0.12125
1622 -0.05625
1696 -0.09875
1682 -0.20375
1640 -0.085
1792 -0.13125
1758 -0.375
1844 0.36625
1720 -0.2225
1774 0.19375
1874 -0.20375
1794 -0.13
1854 -0.0025
1838 -0.1275
1796 0.48375
1886 0.08125
1740 0.19875
1748 -0.275
1906 0.18
1908 -0.18
1768 -0.13875
1664 0.0725
1838 0.01625
1862 0.15875
1742 0.21625
1726 -0.01625
1670 -0.0825
1802 -0.04625
1784 -0.06
1746 -0.19375
1672 -0.06625
1818 -0.20625
1648 0.00875
1860 -0.02625
1842 -0.0225
1814 -0.10875
1818 -0.04125
1806 0.41
1816 0.215
1574 0.1075
1746 -0.06375
1730 0.07375
1734 -0.085
1672 -0.1275
1828 0.13
2070 0.19125
1766 -0.27625
1786 -0.1875
1706 0.2175
1910 0.385
1732 0.17
1770 0.06125
1858 -0.045
1640 -0.1675
1854 -0.1
1756 -0.2525
1862 -0.23
1926 0.1675
1586 -0.04
1884 -0.32
1842 0.205
1938 -0.3525
1844 -0.00375
1718 0.12625
1910 0.12625
1918 -0.05375
1706 -0.16875
1638 -0.32875
1722 0.27625
1892 -0.43375
1762 -0.1175
1820 0.09125
1632 0.10625
1542 -0.085
1750 -0.095
1704 -0.2825
1698 -0.02125
1718 -0.1725
1726 -0.22625
1726 -0.21625
1646 0.04375
1718 -0.11875
1730 0.15125
1786 -0.1025
1684 -0.025
1854 0.235
1734 0.14375
1654 0.0725
1766 -0.095
1862 -0.1475
1800 0.2575
1718 0.13125
1674 0.3
1616 0.25
1778 -0.08125
1898 -0.07375
1770 -0.46125
1786 -0.26125
1778 -0.33875
1870 -0.1225
1926 -0.31125
1892 0.075
1862 -0.05
1890 -0.0625
1862 -0.29625
1754 0.0725
1882 0.07125
1790 -0.0225
1686 -0.23375
1822 -0.1475
1712 -0.05125
1776 0.10125
1846 0.1975
1690 -0.16375
1818 0.20125
1702 0.40625
1902 0.03375
1728 0.13
1770 0.07375
1638 -0.205
1802 -0.26375
1808 0.455
1666 -0.11
1622 0.09625
1786 -0.09875
1866 0.21375
1790 -0.02
1710 -0.02375
1762 -0.3375
1912 -0.4
1764 -0.03375
1834 0.0825
1774 -0.225
1668 -0.175
1640 -0.01875
1710 -0.08875
1732 0.11625
1922 -0.27875
1862 -0.18
1822 -0.275
1938 -0.07125
1776 0.175
1792 -0.035
1670 0.15875
1714 0.02125
1894 -0.1275
1916 0.0825
1814 -0.0675
1786 -0.185
1586 -0.1525
1886 -0.0925
1706 -0.11875
1898 -0.07
1672 0.22625
2114 -0.48875
1758 -0.24875
1642 -0.18
1742 -0.27375
1874 0.105
1832 0.22625
1822 0.01125
1672 0.23625
1548 0.065
1914 0.05
1950 0.1275
