788 -0.00125
1698 -0.0025
1894 -0.2725
1754 0.1675
1764 -0.325
1796 0.01125
1730 -0.3375
1694 0.175
1780 -0.1425
1678 -0.04375
1674 0.02875
1698 -0.16375
1782 -0.25875
1830 -0.44
1786 -0.0975
1804 -0.07125
1554 -0.18125
1870 -0.21875
1758 -0.07
1666 0.205
1930 -0.3625
1810 0.03625
1808 -0.06875
1968 -0.48
1584 0.0775
1690 0.05875
1824 -0.06
1874 0.35875
1826 -0.135
1772 -0.12375
1906 -0.17625
1746 -0.2225
1814 0.07625
1712 0.17
1662 0.0575
1966 -0.05875
1706 0.08125
1700 -0.03125
1836 -0.41375
1642 0.03
1804 -0.28
1834 -0.0325
1846 -0.0875
1818 0.0675
1878 -0.155
1946 0.0175
1730 -0.1125
1922 -0.0375
1664 -0.12
1870 -0.46125
1900 0.0775
1812 -0.22125
1770 -0.35125
1746 -0.08125
1610 -0.05625
1826 -0.0825
1786 -0.3175
1730 -0.0075
1854 0.28875
1858 -0.25
1742 -0.0925
1844 -0.09125
1862 -0.185
1824 0.295
1814 -0.16375
1630 -0.1575
1694 -0.035
1870 -0.10625
1768 -0.21875
1810 -0.1475
1852 -0.2875
1934 -0.25375
1806 -0.06125
1868 -0.25875
1738 0.10375
1686 -0.205
1838 0.0025
1742 0.0425
1708 -0.18375
1802 -0.17625
1824 0.05875
1838 -0.11125
1762 0.18
1610 0.01875
1954 -0.59
1696 -0.205
1920 -0.485
1768 -0.05375
1858 -0.23125
1734 -0.1975
1766 -0.15625
1674 0.0075
1762 -0.01375
1794 -0.21625
1706 -0.02375
1748 0.02875
1576 -0.1525
1798 -0.21375
1792 -0.12125
1746 0.26375
1948 -0.065
1986 -0.32125
1806 -0.24125
1754 -0.06375
1944 -0.25125
1774 0.1025
1832 -0.14875
1812 0.27125
1822 0.0625
1842 0
1774 -0.2375
1878 -0.2575
1766 0.1975
1706 -0.27625
1712 -0.01125
1756 -0.15
1634 0.045
1690 -0.01
1778 0.0525
1798 0.29125
1910 -0.07625
1886 -0.15875
1894 0.25375
1862 0.1275
1756 0.095
1736 0.13625
1716 -0.0475
1898 -0.03625
1744 -0.12
1562 0.03
1798 -0.17625
1958 0.53125
2008 0.12625
1834 0.02125
1638 -0.06875
1830 0.12125
1762 -0.27875
1714 0.06375
1764 0.06875
1834 -0.33
1616 0.0825
1622 -0.1025
1754 -0.00125
1666 -0.10125
1860 0.38
1686 0.1175
1884 0.09125
1722 -0.33125
1858 -0.05625
1786 0.09125
1666 0.21125
1858 -0.28625
1770 -0.1075
1686 0.0975
1862 0.01625
1782 0.3375
1798 0.4075
1750 -0.095
1850 0.12625
1838 -0.1525
1714 0.005
1930 -0.35
1690 -0.05625
1688 0.07625
1772 -0.155
1810 0.05125
1778 -0.11625
1682 -0.34875
1742 -0.1275
1838 0.06625
1844 0.08375
1684 -0.01
1696 -0.115
1746 0.15
1790 -0.05375
1682 -0.27125
1802 0.35125
1758 -0.2125
1920 0.06875
1778 -0.1775
1850 -0.49625
1854 0.105
1934 -0.14125
1810 -0.48375
1820 0.40625
1700 -0.1275
1774 -0.2425
1638 0.07125
1890 -0.5225
1900 -0.22375
1854 0.135
1642 0.0025
1714 0.28625
1742 0.06625
1754 0.185
1754 -0.0475
1764 -0.3825
1782 -0.20625
1718 -0.24375
1856 0.10125
