928 0.2075
1930 -0.19875
1782 -0.27125
1718 0.0325
1804 -0.2
1678 -0.26125
1894 -0.16375
1822 -0.25125
1844 0.0575
1708 -0.12875
1732 -0.03375
1754 0.15625
1904 0.29
1582 -0.1375
1766 0.15875
1798 0.265
1698 0.12625
1684 -0.12375
1876 0.2025
1790 0.005
1594 -0.0975
1696 0.135
1650 0
1856 0.285
1614 -0.125
1658 -0.0675
1762 0.21
1568 0.15875
1862 -0.29625
1734 -0.02375
1866 0.03375
1814 -0.08125
1738 -0.015
1878 -0.35625
1570 0.22625
1664 0.18625
1822 0.12875
1866 -0.04875
1678 0.16125
1802 0.29625
1708 0.09125
1730 -0.08875
1782 -0.045
1790 0.02125
1706 0.035
1922 -0.0825
1866 0.3175
1942 -0.33875
1702 -0.1325
1808 0.22125
1846 -0.32375
1688 0.2175
1598 0.145
1752 -0.09125
1986 -0.1775
1762 0.01625
1738 0.02875
1770 -0.1725
1632 -0.1575
1606 -0.0875
1720 -0.225
1898 -0.08875
1750 -0.085
1710 -0.1825
1626 -0.20125
1892 -0.1925
1860 -0.31375
1792 0.1075
1810 -0.37625
1618 -0.01875
1986 -0.12875
1664 -0.015
1760 -0.0725
1796 0.18125
1682 0.28625
1804 -0.035
1694 0.05875
1774 -0.06875
1728 -0.08
1714 0.11875
1672 0.17
1578 -0.21625
1758 0.2825
1892 0.375
1826 -0.13125
1854 -0.30375
1590 -0.0775
1894 0.14875
1842 -0.09
1600 0.18375
1554 -0.205
1622 0.12875
1850 0.07
1544 0.0975
1754 -0.10625
1622 -0.095
1606 -0.1425
1604 0.2325
1674 -0.245
1630 0.00625
1822 -0.2275
1852 0.445
1824 0.2525
1670 0.2175
1702 -0.01875
1964 0.0125
1830 0.0475
1862 0.0375
1722 0.1075
1738 -0.04875
1668 0.10375
1794 -0.16
1914 -0.34375
1726 -0.14625
1726 0.23625
1736 -0.25625
1598 -0.055
1884 -0.38875
1762 0.1
1788 -0.1225
1620 -0.14625
1738 0.00625
1682 0.04875
1726 -0.215
1758 -0.27625
1768 0.0675
1890 -0.155
1660 0.05125
1848 0.1825
1710 0.0025
1796 0.04375
1910 0.15
1892 -0.22
1578 -0.0375
1686 -0.11375
1798 0.03
1554 -0.01125
1624 0.36
1582 -0.20375
1700 -0.0925
1730 -0.0325
1798 0.155
1658 0.08625
1966 0.535
1786 -0.0225
1714 0.24875
1666 0.11875
1764 -0.02125
1658 0.30875
1758 -0.075
1802 0.21625
1670 -0.12625
1886 -0.13125
1672 0.095
1666 -0.0475
1740 -0.26625
1790 -0.0775
1494 -0.03625
1680 0.02875
1644 -0.265
1786 -0.185
1862 -0.09625
1774 -0.1275
1808 0.12125
1742 0.16125
1698 0.17875
1636 -0.0925
1838 0.11
1866 -0.2
1716 0.00875
1860 0.1225
1854 -0.36375
1848 -0.28875
1762 0.19875
1810 -0.17875
1758 -0.04375
1658 0.17875
1816 0.05625
1638 0.195
1916 0.25875
1914 -0.09
1718 0.07125
1896 -0.1175
1806 0.08
1730 -0.0725
1762 -0.23625
1596 0.02625
1750 0.15
1626 0.20375
1702 -0.17125
1602 -0.09625
1616 -0.07125
1734 0.05625
1726 -0.125
1814 -0.1225
1760 -0.16375
1730 -0.1975
1608 -0.27875
1766 0.15375
1756 0.0225
