686 0.06875
1606 -0.05375
1822 0.01
1658 -0.20875
1660 0.09875
1752 -0.3975
1668 0.175
1640 -0.0725
1654 0.23875
1710 0.065
1708 0.30125
1774 -0.15875
1754 -0.10625
1834 0.03125
1746 0.18
1838 -0.13875
1738 -0.12625
1734 -0.0425
1614 -0.20125
1770 0.00375
1674 0.245
1706 -0.17625
1772 -0.0575
1810 0.33875
1814 -0.4775
1652 -0.16875
1792 -0.14375
1658 -0.22
1762 -0.24
1674 0.2225
1622 -0.24875
1666 0.20625
1796 0.45625
1754 -0.0025
1842 0.0175
1698 0.05125
1666 -0.14125
1858 0.02125
1800 -0.14625
1638 0.0225
1744 -0.16125
1702 -0.0375
1870 -0.25875
1650 0.14125
1622 -0.00875
1706 0.1775
1714 -0.19125
1806 -0.06125
1748 -0.17875
1736 -0.0325
1670 -0.105
1846 -0.305
1650 0.10375
1626 -0.16375
1736 0.09125
1600 -0.035
1782 0.27875
1616 0.27
1798 -0.245
1764 0.02125
1692 0.09625
1526 -0.0625
1592 0.18375
1682 0.09375
1770 0.1225
1866 0.34375
1794 0.22125
1704 0.1275
1744 0.0275
1778 0.08
1794 -0.0275
1866 0.35875
1838 0.2925
1706 0.0725
1630 0.10375
1686 -0.06875
1658 0.00875
1634 0.02625
1826 0.3325
1802 -0.225
1744 -0.28625
1768 0.0725
1678 -0.27125
1730 -0.32375
1698 0.03625
1594 0.245
1886 -0.04625
1818 -0.06125
1722 -0.2575
1778 -0.19
1766 0.0575
1646 0.125
1718 -0.1925
1730 -0.2425
1758 -0.3125
1744 -0.10125
1506 0.11
1686 0.04
1898 -0.50625
1714 -0.175
1916 0.08875
1526 0.14125
1714 0.00625
1950 -0.19625
1870 0.26625
1750 -0.06125
1730 -0.04875
1738 -0.01875
1558 -0.18375
1604 -0.18875
1782 -0.33125
1678 0.2975
1712 -0.08
1686 0.08875
1798 0.10875
1742 -0.02625
1622 0.17875
1882 0.145
1702 -0.19875
1860 0.00375
1722 -0.08125
1786 -0.0775
1602 0.22
1634 0.035
1800 -0.085
1730 -0.015
1840 0.285
1618 0.00125
1556 0.0375
1738 -0.0825
1634 -0.18125
1604 -0.0325
1726 -0.10375
1778 -0.2325
1866 0.24125
1676 0.12875
1770 0.15875
1862 0.01375
1738 0.30625
1734 -0.08625
1630 -0.17125
1960 -0.26375
1658 0.07125
1732 -0.115
1910 0.09125
1738 0.165
1778 -0.00125
1766 0.0425
1678 -0.06375
1746 -0.0825
1800 0.32125
1770 -0.33875
1738 -0.20125
1722 0.2275
1698 0.135
1726 -0.31125
1782 0.475
1638 0.08125
1638 -0.04375
1660 0.0675
1612 0.06875
1690 -0.215
1862 0.27
1880 0.1
1712 0.0475
1762 -0.22375
1670 0.25875
1760 -0.06375
1730 -0.04375
1746 -0.05875
1858 -0.26375
1746 0.15625
1990 -0.015
1704 0.20875
1656 -0.00625
1662 0.0475
1870 0.02
1638 0.13875
1678 -0.1075
1770 0.225
1802 -0.01125
1862 -0.40625
1680 0.085
1954 -0.39
1780 0.08875
1734 0.04
1758 0.26125
1742 0.0425
1730 -0.00875
1634 0.14
1738 -0.165
1916 0.28125
1718 0.205
1940 -0.13375
1826 -0.135
1714 0.02125
1696 -0.10125
1834 -0.2275
1854 -0.31625
1762 0.08375
