762 0.0225
1834 -0.4475
1852 -0.28
1786 -0.12125
1640 0.17625
1786 0.185
1754 0.07625
1778 -0.06375
1680 0.2675
1858 -0.06375
1734 0.06625
1782 -0.055
1876 -0.325
1654 0.105
1662 0.0575
1618 -0.11875
1742 -0.0575
1722 0.0525
1782 0.27125
1686 -0.02125
1750 -0.175
1656 0.03375
1796 0.05875
1702 -0.02125
1650 -0.1575
1834 0.055
1662 0.15
1698 -0.16875
1684 -0.07875
1730 0.2625
1786 -0.1825
1782 -0.14125
1688 -0.25125
1522 -0.1025
1790 -0.19875
1778 0.02625
1920 -0.05
1646 0.07375
1948 -0.08375
1664 -0.095
1608 0.0075
1562 -0.0875
1616 0.0075
1664 0
1790 0.17875
1766 -0.1475
1734 0.32
1752 0.25875
1750 0.26
1892 -0.25375
1634 0.195
1674 0.19625
1742 0.01875
1762 0.16125
1626 -0.23375
1624 0.15625
1574 0.15875
1732 -0.185
1762 -0.0325
1696 0.0275
1766 0.07625
1790 0.03375
1726 -0.04
1762 0.2425
1726 -0.13625
1796 -0.075
1890 0.06
1606 -0.00875
1670 0.25625
1658 -0.02125
1722 0.1825
1590 -0.15375
1700 -0.26
1562 -0.05125
1670 0.13
1854 -0.01875
1630 0.125
1770 0.13
1608 -0.255
1652 -0.26
1786 0.10625
1766 0.09375
1814 0.0025
1830 -0.37625
1734 0.3775
1642 0.1325
1822 0.0225
1798 0.13375
1722 -0.275
1722 -0.17875
1786 -0.045
1682 0.31375
1704 0.025
1598 0.0525
1768 -0.12375
1758 -0.115
1818 0.02875
1850 -0.24875
1770 0.07875
1794 0.07375
1874 -0.37375
1682 0.205
1710 0.0425
1820 0.05125
1686 0.06375
1698 0.1375
1690 -0.00625
1866 0.03125
1676 0.26375
1768 0.1875
1694 -0.15375
1838 0.02625
1810 0.11625
1710 -0.15375
1738 0.0525
1758 -0.12875
1714 -0.1225
1616 0.0125
1748 0.04375
1550 -0.13
1732 0.12875
1874 0.48375
1630 0.21
1632 -0.15375
1782 -0.12
1502 0.0825
1766 0.29875
1806 -0.45875
1690 0.05
1700 -0.2175
1634 -0.26
1706 0.04875
1838 -0.06875
1766 0.00125
1762 -0.18
1736 0.1675
1698 0.165
1638 -0.05
1704 -0.00875
1718 -0.15875
1830 -0.38375
1626 0.11875
1696 -0.04375
1716 -0.13125
1848 0.09875
1754 -0.0875
1882 -0.29
1706 -0.19125
1646 0.2525
1786 0.2875
1622 0.045
1630 0.1375
1774 -0.3275
1864 -0.3875
1750 -0.3875
1634 -0.06
1660 -0.0525
1582 0.12875
1758 -0.25875
1700 0.33375
1762 0.2125
1710 -0.00375
1856 -0.07875
1922 0.04625
1524 -0.0925
1766 0.0875
1690 0.10375
1666 -0.12125
1892 0.04
1558 -0.12625
1666 -0.20625
1692 0.0975
1850 -0.26
1782 0.0825
1836 0.2725
1690 -0.06
1734 0.2625
1740 0.23
1650 0.02625
1754 -0.09875
1740 0.015
1614 -0.255
1752 -0.11625
1630 0.06625
1770 -0.07625
1870 -0.145
1700 0.03
1692 0.23625
1734 0.00625
1544 -0.1575
1670 -0.26625
1606 0.025
1888 0.275
1834 -0.18875
1598 0.06625
1780 -0.2125
1670 0.06
1856 0.17125
1766 0.1925
1868 0.0275
