844 -0.055
1726 0.01375
1738 -0.085
1650 0.04125
1716 -0.1175
1626 0.15625
1762 -0.06375
1710 -0.05
1826 0.0025
1778 -0.195
1610 -0.20375
1664 0.01375
1794 0.1425
1760 -0.04625
1588 -0.0625
1660 0.06125
1554 -0.03375
1702 -0.0775
1766 -0.325
1676 0.06
1628 0.01625
1702 0.0175
1612 -0.07625
1754 0.21875
1734 -0.24875
1678 -0.15375
1754 0.02
1586 -0.2925
1758 -0.1725
1790 0
1560 -0.23875
1736 -0.1875
1510 -0.20875
1654 0.24
1826 0.08125
1808 0.285
1654 -0.29875
1626 0.135
1778 -0.2
1754 0.14125
1646 -0.05625
1882 0.09875
1502 0.03375
1640 0.12
1774 -0.25
1730 -0.1525
1744 -0.05375
1568 0.1375
1740 -0.0775
1554 -0.0925
1810 -0.10875
1814 -0.04
1708 -0.10125
1686 0.00875
1674 0.265
1770 0.01375
1766 -0.17
1658 0.10125
1734 -0.22
1730 -0.19
1634 -0.2025
1762 -0.04125
1790 0.06375
1810 -0.265
1886 -0.26
1694 0.02875
1632 -0.045
1818 0.085
1754 -0.07
1746 -0.06125
1922 0.03125
1634 -0.175
1596 0.21625
1898 0.30625
1646 0.065
1618 0.23875
1746 -0.0725
1802 -0.16125
1620 -0.085
1790 0.08125
1708 0.22625
1766 0.00125
1766 0.22375
1770 0.135
1784 0.085
1712 0.22125
1634 -0.01125
1776 -0.1775
1674 -0.1675
1800 -0.20875
1742 -0.14625
1762 0.0275
1716 -0.25875
1648 -0.12
1714 0.105
1622 0.10125
1738 0.27625
1786 -0.185
1650 0.155
1762 -0.15
1734 0.08625
1902 0.0975
1790 -0.1625
1776 0.28375
1668 0.2125
1638 0.08125
1762 -0.35
1790 -0.28125
1674 -0.15125
1834 -0.20125
1598 -0.08125
1806 -0.15
1756 0.03875
1702 -0.33625
1838 -0.07375
1558 -0.0025
1656 -0.02625
1670 -0.19875
1628 -0.12
1858 0.08625
1822 0.11125
1830 -0.1575
1564 0.15375
1742 0.18875
1634 -0.02875
1878 -0.0525
1500 -0.06375
1690 -0.17375
1572 -0.02375
1848 0.05375
1610 -0.1775
1734 0.08
1698 -0.22625
1742 -0.00875
1816 0.02
1764 -0.28
1742 -0.26625
1646 0.09125
1600 -0.15375
1618 -0.1925
1788 0.08875
1718 0.02
1740 0.19625
1688 -0.03875
1718 -0.0725
1784 0.26625
1770 -0.29625
1726 0.0925
1700 -0.0225
1674 0.01375
1688 0.18625
1726 0.08375
1562 -0.035
1662 0.05125
1682 -0.06875
1774 0.19875
1726 -0.1975
1834 -0.17625
1782 -0.2975
1602 0.015
1694 -0.05625
1806 0.105
1656 0.105
1688 -0.07125
1740 0.05375
1750 -0.2025
1648 0.03125
1724 -0.21
1730 -0.01875
1746 -0.285
1562 -0.18125
1670 0.0225
1732 0.16
1580 0.0875
1514 0.1
1714 0.1075
1666 -0.08125
1692 0.04125
1762 0.14375
1696 0.13
1722 0.0875
1644 0.03375
1706 -0.1
1744 -0.2775
1758 -0.04125
1854 0.25375
1762 -0.02875
1874 0.1675
1634 0.025
1834 0.41125
1886 -0.245
1590 0.1
1756 0.0875
1662 0.12625
1674 0.185
1658 -0.03125
1630 0.1825
1618 -0.065
1696 -0.1775
1738 -0.28875
