826 -0.05875
1814 0.02375
1704 0.1075
1756 -0.02375
1746 -0.13875
1622 -0.0975
1634 -0.11625
1700 -0.14125
1694 -0.0825
1730 0.23875
1718 0.2525
1658 -0.135
1900 -0.3525
1658 -0.2425
1634 0.05125
1530 -0.005
1550 -0.16375
1756 0.07875
1746 -0.195
1678 -0.0825
1730 -0.06625
1706 0.31
1730 -0.22625
1636 -0.03125
1660 0.215
1682 -0.11125
1830 -0.55125
1798 0.17125
1742 0.09875
1594 0.2025
1710 0.03375
1730 -0.06125
1628 0.12
1746 -0.10375
1746 -0.09125
1708 0.23625
1670 0.08875
1548 0.00875
1574 0.01625
1610 -0.13875
1664 -0.01375
1730 -0.25375
1670 -0.0575
1806 0.04625
1650 -0.16
1842 -0.09875
1736 0.0075
1618 0.01125
1720 -0.2925
1530 -0.20875
1696 0.33125
1656 0.14875
1728 0.4125
1600 0.03125
1818 0.0775
1648 -0.13
1802 -0.1875
1650 -0.0125
1746 0.1075
1704 0.11125
1676 -0.1625
1730 -0.20625
1670 -0.06
1600 0.01375
1612 -0.09875
1686 0.02625
1532 0.075
1794 -0.17125
1694 0.0075
1650 0.02625
1570 0.095
1624 -0.1425
1724 -0.2325
1566 0.09625
1720 -0.0125
1644 -0.0925
1606 -0.07
1558 0.10625
1818 -0.01625
1620 -0.01625
1914 0.04
1618 -0.0175
1774 -0.3625
1642 -0.23625
1666 0.1225
1614 0.13375
1492 0.085
1802 0.21125
1622 -0.03375
1712 0.03
1788 0.15375
1694 -0.0775
1696 0.17375
1686 -0.12875
1558 0.0675
1786 -0.1875
1698 -0.21375
1642 -0.16875
1782 -0.1075
1880 -0.07125
1730 -0.15875
1718 -0.09375
1514 -0.015
1588 0.275
1746 0
1660 0.03875
1766 -0.045
1554 0.01
1702 -0.265
1722 -0.27875
1746 0.10875
1624 -0.19125
1770 -0.1425
1766 0.32125
1654 -0.1475
1762 0.04375
1786 0.28375
1908 0.1425
1722 -0.09625
1666 -0.4325
1614 0.07625
1746 0.06875
1860 0.05
1686 0.00125
1764 0.105
1682 -0.10875
1602 -0.1725
1686 -0.05
1838 0.08375
1786 -0.0725
1642 0.1225
1698 -0.12125
1678 0.17875
1632 0.00875
1790 -0.21125
1802 -0.2
1726 -0.16125
1678 -0.085
1718 -0.15625
1758 0.005
1746 0.05875
1756 0.05625
1658 -0.2
1584 0.05875
1598 0.0675
1646 0.01125
1576 0.025
1772 0.0075
1794 0.1375
1756 0.09375
1796 -0.21125
1774 0.19125
1608 -0.24
1650 0.065
1746 0.07
1778 -0.125
1684 -0.175
1666 0.255
1662 -0.01875
1706 -0.06375
1682 0.0875
1718 0.13
1834 -0.19375
1818 -0.17375
1780 0.19625
1686 -0.065
1594 -0.10375
1918 -0.36625
1862 0.2975
1668 -0.08375
1710 -0.08
1666 0.21375
1618 0.01875
1722 -0.2275
1634 0.02375
1726 0.14
1646 -0.11375
1674 0.00625
1736 0.24625
1680 -0.04375
1596 0.135
1750 -0.4
1758 -0.28
1806 0.115
1818 -0.295
1700 -0.22375
1662 0.0025
1486 -0.00125
1698 0.055
1694 -0.0125
1746 0.165
1622 -0.02875
1766 0.01625
1674 -0.04625
1606 0.1425
1656 -0.06125
1558 0.03125
1650 -0.05
1868 -0.01125
1770 -0.1525
