720 0
1614 0.175
1570 0.02375
1626 -0.13375
1582 -0.10375
1784 0.19625
1632 0.02875
1728 -0.135
1606 -0.265
1758 -0.00125
1802 -0.14875
1650 0.06625
1714 0.00375
1734 0.04125
1770 0.0025
1670 -0.03
1726 -0.09125
1772 0.43375
1586 0.12375
1644 -0.1825
1588 -0.205
1592 -0.0375
1814 -0.025
1940 0.24875
1534 0.0925
1662 -0.2025
1638 0.1125
1678 0.1475
1680 0.34
1708 -0.03375
1710 0.20125
1652 0.0575
1686 -0.02375
1724 0.1825
1646 -0.19375
1714 -0.28875
1636 -0.23625
1626 -0.07
1522 0.05375
1806 -0.1975
1650 -0.20375
1620 -0.13625
1684 -0.3275
1728 -0.04125
1938 0.3075
1522 -0.075
1658 -0.14125
1758 -0.20875
1648 -0.13625
1722 -0.295
1644 0.0525
1648 0.045
1746 -0.05875
1758 -0.1275
1584 0.04375
1736 -0.19
1780 -0.045
1684 -0.23125
1670 -0.08
1772 -0.16375
1688 -0.0725
1696 0.11
1610 0.08
1764 0.05625
1720 -0.0075
1808 -0.215
1766 -0.27625
1692 0.0175
1486 -0.0275
1744 0.0475
1752 -0.3325
1632 0.1275
1768 0.0825
1522 -0.18625
1550 -0.08
1660 0.105
1638 -0.215
1658 0.0525
1682 0.22875
1758 0.18125
1696 0.13
1716 -0.1
1736 0.2625
1590 -0.0675
1682 -0.09375
1668 -0.12125
1650 -0.035
1618 0.245
1522 0.1925
1758 -0.0825
1678 0.085
1582 -0.12875
1720 -0.10625
1642 -0.325
1638 -0.205
1810 -0.2725
1686 -0.04
1690 0.0975
1646 0.0875
1866 0.11375
1678 -0.0825
1726 0.11375
1668 -0.075
1602 -0.1275
1674 0.0725
1764 0.1375
1650 0.02875
1656 -0.05
1634 0.02875
1710 -0.08875
1658 -0.03625
1730 0.07875
1766 0.38375
1768 0.07125
1558 0.0675
1742 0.24375
1698 0.15125
1694 0.0175
1668 -0.285
1820 -0.03
1612 -0.1425
1822 0.11
1746 -0.2525
1752 -0.17
1606 0.06
1610 -0.00625
1678 -0.0875
1646 0.0175
1714 0.14
1744 -0.13125
1716 -0.09
1722 -0.35875
1700 0.05375
1646 -0.0925
1730 -0.0925
1616 -0.05375
1698 -0.105
1762 0.05125
1770 0.1725
1730 0.235
1650 -0.1375
1638 0.09125
1618 -0.15375
1862 -0.105
1662 -0.26875
1736 0.18875
1616 0.06625
1646 -0.22875
1788 -0.29375
1578 0.3675
1762 0.00125
1694 0.01125
1538 0.02
1726 0.00375
1744 0.0125
1596 0.01625
1622 -0.1775
1624 0.0675
1754 0.00375
1748 0.35375
1698 -0.21875
1814 -0.07125
1738 -0.00875
1774 0.0575
1778 -0.2875
1662 -0.19
1566 0.0175
1796 -0.08875
1658 -0.06625
1664 0.1425
1642 0.005
1710 -0.05875
1614 0.03125
1606 -0.0125
1696 0.11
1652 0.1125
1652 -0.13
1598 0.08875
1734 0.3
1818 0.22875
1744 -0.23625
1710 -0.275
1712 0.1475
1816 -0.1125
1966 -0.53125
1602 0.19875
1812 0.40375
1696 -0.01625
1750 0.15125
1750 0.0725
1714 -0.35
1690 0.14375
1784 -0.23125
1808 -0.19375
1624 -0.07125
1710 -0.085
1706 0.01
1646 -0.05375
1794 0.31
1662 -0.14625
