738 -0.05875
1506 0.35125
1706 -0.26625
1604 -0.04625
1806 -0.21625
1614 -0.25125
1660 0.12875
1674 -0.02375
1754 0.0575
1662 0.09
1646 -0.0525
1640 0.1525
1806 0.29
1570 -0.09375
1662 -0.21
1654 -0.205
1646 -0.0475
1634 -0.34125
1618 0.0675
1580 0.16
1684 -0.16
1630 -0.0925
1642 0.18125
1742 0.075
1614 -0.02875
1810 0.13125
1662 0.0575
1476 -0.1075
1830 -0.01625
1564 0.15
1684 0.085
1700 -0.23875
1598 -0.1475
1812 0.19875
1494 0.08625
1638 0.0575
1614 0.22
1778 0.21875
1502 0.21875
1614 0.1525
1668 0.1
1694 -0.01375
1710 0.14375
1614 0.2025
1686 0.21875
1920 0.23625
1548 0.14625
1602 0.0175
1630 0.09
1702 0.295
1752 -0.19125
1742 0.0775
1620 -0.195
1650 0.19
1832 0.04125
1660 0.03875
1558 0.03625
1662 0.2
1730 -0.15125
1762 0.00125
1666 -0.0175
1596 -0.065
1584 0.1
1682 -0.215
1646 -0.09125
1588 0.06
1754 0.21875
1546 -0.0575
1716 0.31375
1682 -0.06
1682 0.0875
1630 -0.02875
1632 0
1476 -0.20625
1690 0.01
1618 -0.15375
1670 -0.00125
1582 0.13
1734 0.18875
1776 0.18625
1862 -0.45
1734 0.055
1650 -0.17625
1734 0.19
1554 -0.20375
1782 0.15
1526 0.0225
1698 0.12625
1654 -0.1925
1510 0.01375
1640 0.0575
1674 -0.10125
1582 -0.0075
1588 0.13875
1718 -0.245
1630 0.0125
1532 -0.12625
1734 0.27375
1666 -0.09625
1578 -0.03625
1750 -0.16
1728 -0.17875
1682 -0.31
1722 0.2025
1788 -0.18125
1626 0.12
1758 0.2325
1730 0.22
1690 0.15
1640 0.0925
1434 0.11375
1642 -0.0825
1574 0.055
1750 -0.03
1866 0.01
1596 0.11375
1634 0.04375
1632 0.0825
1710 0.025
1642 0.06625
1654 0.1275
1658 0.01375
1580 0.115
1662 -0.0675
1584 -0.19
1642 -0.13125
1672 -0.065
1726 -0.12125
1480 0.00875
1566 -0.04125
1662 -0.25625
1678 -0.11875
1614 -0.0375
1596 -0.02
1690 0.06875
1590 0.22875
1726 -0.17375
1690 0.005
1550 -0.11125
1646 -0.16
1922 0.025
1792 0.1425
1722 0.0975
1516 0.05
1674 0.19875
1506 -0.07625
1430 -0.11625
1836 -0.26875
1696 0.01625
1796 0.1375
1810 0.17625
1542 -0.085
1626 0.11
1568 0.10375
1838 0.1925
1638 -0.04875
1698 -0.305
1678 0.0875
1652 -0.1425
1618 0.0025
1456 -0.05375
1590 0.185
1626 -0.23875
1726 -0.005
1716 -0.015
1706 -0.18125
1654 0.0125
1578 0.1475
1646 -0.14125
1578 -0.005
1554 0.05125
1702 -0.09
1652 0.09375
1650 0.11
1674 -0.1825
1634 -0.0025
1612 -0.04125
1714 0.20125
1650 0.0875
1684 -0.11
1698 0.25375
1690 -0.17
1732 0.04875
1530 -0.16125
1660 0.16125
1726 -0.09125
1738 0.03625
1732 -0.1225
1626 -0.0275
1722 -0.08
1728 0.18875
1814 0.28875
1782 -0.24875
1662 -0.12375
1668 -0.08875
1630 -0.01375
1598 -0.08875
1722 -0.10875
1658 0.23125
1816 0.31875
