728 -0.09
1730 -0.285
1724 -0.085
1732 -0.1725
1520 -0.14375
1634 -0.15625
1478 -0.085
1682 -0.06375
1770 0.115
1518 -0.13
1878 -0.33625
1658 0.14375
1624 -0.1075
1770 0.00875
1616 -0.04625
1720 0.00125
1746 -0.14875
1762 -0.02875
1476 -0.1975
1754 -0.09125
1670 -0.0975
1758 0.1775
1656 -0.035
1634 0.1925
1608 -0.0825
1714 0.285
1642 0.005
1702 0.1275
2002 0.5175
1728 -0.22625
1906 0.385
1734 -0.1825
1634 -0.0375
1674 0.195
1630 -0.07375
1696 -0.10875
1598 -0.01375
1858 -0.4725
1632 0.09375
1790 0.16125
1724 0.27625
1592 0.125
1632 0.08
1690 0.08125
1666 0.03375
1706 0.23375
1808 0.16375
1670 -0.02625
1452 0.135
1630 0.23375
1714 -0.31875
1750 -0.30125
1716 -0.18125
1644 0.08625
1660 0.10375
1548 0.0375
1794 -0.19875
1680 0.0975
1586 0.2725
1652 0.08
1690 -0.13375
1678 0.12125
1484 0.055
1784 0.12375
1738 -0.1425
1816 0.21875
1664 0.11375
1872 0.05125
1590 -0.0275
1678 0.0025
1620 0.10625
1734 0.00375
1616 0.0975
1752 -0.1625
1622 0.19125
1678 -0.095
1524 0.155
1756 0.09625
1542 -0.19625
1742 -0.1325
1818 -0.34875
1722 -0.12875
1770 -0.13875
1676 0.16875
1782 -0.14875
1668 -0.155
1694 -0.00875
1582 0.145
1732 -0.165
1696 0.11375
1718 -0.025
1590 0.1075
1768 0.13875
1722 -0.06375
1714 -0.17
1774 0.1125
1714 -0.0125
1682 0.005
1678 0.06875
1516 -0.18375
1608 0.06
1670 -0.015
1664 -0.04375
1658 -0.01625
1754 -0.02
1748 0.2925
1634 -0.0875
1806 -0.06125
1588 0.01
1766 -0.0225
1704 0.125
1630 0.04625
1798 -0.1725
1772 0.175
1682 -0.11125
1510 -0.14875
1566 0.0275
1484 0.10625
1522 -0.0375
1630 0.2675
1654 0.2425
1682 -0.29875
1682 -0.32375
1652 0.0625
1806 0.12125
1630 0.0625
1710 -0.12
1658 -0.0525
1612 -0.12125
1632 -0.06
1718 0.0725
1630 -0.0075
1630 -0.10875
1602 -0.0975
1562 0.0025
1454 -0.03625
1700 0.13875
1670 -0.135
1666 -0.09375
1518 -0.01375
1610 0.055
1650 0.12375
1598 -0.04
1798 0.18625
1826 0.035
1820 0.0675
1702 -0.16125
1722 -0.27
1690 -0.03
1774 0.15625
1630 0.085
1646 -0.05625
1704 0.06625
1738 -0.005
1646 0.065
1562 -0.0675
1642 0.10125
1630 -0.1325
1642 0.15625
1630 0.24
1800 -0.14
1654 0.14625
1712 0.0725
1510 0.05
1690 0.0125
1670 0.08125
1642 0.17875
1806 0.185
1648 0.18
1722 -0.2325
1670 0.27875
1874 -0.185
1726 -0.01375
1782 0.16125
1762 -0.4175
1674 -0.1575
1504 0.1075
1720 0.10375
1642 -0.00125
1598 -0.20875
1778 -0.03625
1724 0.055
1638 0.08
1774 0.055
1682 -0.03375
1660 -0.30125
1752 0.09375
1724 -0.12
1686 -0.135
1574 -0.1775
1602 0.2425
1672 0.015
1608 -0.2225
1714 0.13
1686 0.3
1722 -0.0875
1562 -0.265
1592 -0.0525
1676 0.07
1650 0.305
