750 0.00875
1670 -0.14125
1698 -0.0275
1900 0.35625
1558 0.05875
1552 -0.15875
1714 0.0375
1780 -0.0625
1684 -0.08
1664 0.05625
1542 -0.1175
1750 -0.06875
1522 0.12
1704 -0.135
1554 -0.06125
1692 -0.05625
1684 -0.13
1666 -0.24875
1552 -0.1125
1566 -0.11
1720 -0.095
1656 0.015
1644 -0.1475
1838 -0.2275
1566 0.065
1656 -0.045
1510 0.005
1714 0.005
1630 -0.20125
1752 -0.1475
1536 -0.09625
1748 -0.0775
1622 -0.035
1646 -0.13875
1748 -0.27875
1606 -0.03625
1618 0.19
1708 -0.07125
1692 -0.0725
1722 -0.1725
1656 -0.115
1662 -0.265
1726 0.06125
1668 0.0175
1814 -0.3275
1530 -0.05
1534 -0.0325
1690 0.12
1674 0.1125
1642 0.0325
1542 -0.12125
1618 -0.09125
1716 0.38125
1684 0.14
1728 0.1
1616 0.0525
1600 0.0175
1722 0.2525
1636 0.075
1496 0
1566 -0.055
1700 -0.28125
1522 -0.10625
1778 -0.21
1738 -0.09125
1646 -0.01625
1466 -0.0275
1582 0.04625
1572 -0.12875
1662 -0.00625
1726 -0.0975
1598 0.12875
1454 -0.0725
1586 -0.12375
1538 -0.075
1684 -0.14375
1710 -0.0075
1498 -0.12625
1786 -0.15375
1786 -0.22
1584 0.18375
1726 0.01125
1846 0.105
1822 -0.23
1474 -0.04
1748 0.075
1654 0.06375
1622 -0.08125
1634 0.1325
1564 0.14875
1604 0.12125
1642 -0.21125
1646 0.06625
1652 0.05625
1650 -0.035
1470 -0.08625
1668 -0.18375
1692 0.24375
1652 0.14
1586 -0.25125
1596 0.01125
1702 0.085
1738 0.22125
1696 -0.16875
1772 0.16625
1536 0.0075
1716 -0.18125
1754 0.0525
1674 -0.16625
1498 0.03625
1778 -0.03625
1630 0.05625
1552 -0.0725
1422 -0.085
1644 -0.09625
1718 -0.0025
1610 -0.125
1812 -0.02375
1502 -0.13625
1798 0.225
1854 0.0725
1834 0.35375
1624 -0.175
1620 -0.20625
1734 -0.0175
1682 -0.14375
1766 0.065
1616 -0.1075
1710 0.29875
1538 -0.07625
1742 -0.36125
1536 -0.075
1732 -0.13
1536 0.135
1750 0.0475
1636 0.21375
1738 -0.23375
1624 0.0475
1678 -0.145
1610 0.08625
1756 0.29125
1704 -0.0175
1750 0.0125
1672 0.025
1640 -0.05375
1674 -0.1975
1646 -0.03125
1660 -0.24125
1750 0.2075
1818 -0.09625
1678 -0.1025
1516 -0.025
1822 -0.19875
1644 -0.09125
1622 0.245
1518 -0.04125
1794 0.42125
1570 0.1125
1466 0.0775
1562 0.04125
1606 -0.04875
1600 -0.1975
1500 0.03125
1736 -0.0125
1658 -0.22375
1670 -0.17125
1790 -0.18
1776 0.27125
1510 -0.1675
1702 0.08375
1698 0.16875
1592 0.12375
1602 -0.025
1670 0.0975
1750 -0.10625
1858 -0.16375
1664 0.0925
1728 -0.07125
1530 -0.0925
1700 0.12375
1808 0.1025
1638 0.15375
1630 -0.07875
1706 -0.00375
1702 0.00375
1694 -0.345
1612 -0.1125
1774 -0.31625
1502 0.01375
1696 0.22375
1542 -0.10625
1522 -0.08
1662 -0.3025
1402 -0.07
1518 0.1225
1606 0.08125
1718 0.00875
1810 -0.0375
1720 -0.0775
1820 -0.1375
