668 0.0275
1672 -0.0775
1598 -0.05875
1686 -0.03125
1574 -0.04125
1614 -0.14375
1522 0.16875
1564 0.03625
1774 -0.335
1792 0.06875
1674 -0.15
1554 -0.00375
1716 -0.1125
1582 0.14
1754 -0.1825
1484 0.05875
1650 -0.23
1722 0.10125
1722 0.15125
1622 0.01875
1732 -0.08625
1774 -0.075
1698 -0.12375
1774 -0.08125
1708 0.1275
1574 0.04375
1886 0.1925
1572 0.05625
1654 -0.31375
1618 0.13625
1582 -0.0375
1776 -0.0325
1646 0.2
1642 -0.305
1746 -0.11375
1590 -0.18375
1714 -0.03875
1626 -0.09125
1670 -0.27
1682 -0.19125
1706 -0.0625
1758 -0.21125
1550 0.2575
1598 0.01375
1866 -0.2725
1626 -0.14125
1446 -0.11875
1722 0.08375
1718 0.05
1742 -0.34875
1726 -0.05375
1532 -0.0475
1614 0.0425
1790 -0.01375
1592 0.09875
1526 0.095
1756 0.07875
1638 -0.025
1652 0.20375
1676 0.22
1582 -0.15125
1642 -0.03875
1654 -0.1575
1698 0.005
1670 -0.07125
1704 0.1625
1754 0.3475
1694 -0.18625
1568 -0.05875
1626 -0.0425
1608 0.16375
1580 -0.12625
1626 0.01125
1636 0.1275
1654 0.1125
1646 -0.10875
1570 -0.15625
1614 -0.12875
1680 0.08625
1628 -0.1175
1586 -0.0325
1550 -0.0275
1518 -0.09875
1578 -0.04
1630 0.0025
1626 -0.11125
1582 0.11125
1590 0.0525
1438 0.0175
1584 0.0225
1648 0.20625
1588 0.05375
1540 -0.06875
1794 0.14625
1672 0.30875
1744 0.07625
1718 -0.01875
1698 0.02375
1494 0.02125
1566 0.15625
1666 -0.035
1562 0.11875
1518 0.0475
1538 -0.1375
1520 0.15
1650 0.135
1530 0.07125
1654 -0.01125
1666 0.0375
1540 -0.14
1714 -0.05875
1500 -0.08375
1646 -0.30875
1590 -0.11125
1526 0.17
1726 -0.11125
1542 -0.1475
1552 -0.1525
1758 -0.1075
1634 -0.31125
1610 0.01375
1664 0.07625
1808 0.02875
1578 0.0325
1690 0.01875
1678 0.1125
1534 -0.1425
1602 -0.005
1762 0.11375
1486 -0.0525
1652 -0.175
1878 -0.285
1420 0.07375
1628 0.29375
1474 -0.025
1552 -0.05375
1864 -0.1875
1664 -0.0375
1846 0.06625
1566 0.05375
1564 -0.05125
1634 -0.12875
1548 0.23125
1816 -0.25375
1530 0.1725
1620 -0.0775
1610 -0.185
1790 0.02
1782 0.31
1742 0.10625
1656 0.21875
1674 -0.21875
1666 0.2425
1516 0.0625
1582 0.1275
1658 -0.3675
1672 0.06
1646 -0.02
1616 0.17625
1604 0.06125
1570 -0.11125
1690 0.19125
1618 -0.07375
1606 -0.25375
1684 -0.05875
1626 0.04
1700 -0.0475
1554 -0.03125
1584 -0.06875
1518 0.1025
1534 -0.1175
1602 0.12125
1750 -0.02125
1494 0.1025
1616 0.105
1562 -0.15875
1700 -0.2075
1820 -0.3
1646 -0.00625
1846 0.22875
1496 -0.00875
1676 0.055
1618 -0.045
1554 -0.08625
1586 -0.15875
1700 0.21625
1616 0.25125
1566 -0.10125
1574 -0.085
1832 0.2325
1630 0.00625
1754 0.28
1582 -0.115
1596 0
1682 -0.1325
1630 -0.2275
1706 -0.2875
1618 -0.07625
1672 -0.0525
1686 -0.11875
