744 -0.02875
1550 -0.1925
1708 0.0675
1632 0.26875
1602 0.1
1742 0.09
1642 -0.20875
1526 -0.3125
1790 -0.27875
1670 -0.22875
1620 -0.07375
1608 0.05375
1666 -0.00375
1530 -0.005
1662 -0.01625
1674 -0.06625
1684 -0.12625
1706 -0.15
1338 0.02625
1560 -0.10625
1648 0.18125
1554 -0.115
1742 -0.1175
1630 0.03875
1822 0.24375
1554 -0.21375
1608 -0.13
1694 -0.11625
1566 -0.105
1606 -0.03
1592 -0.08
1534 -0.06875
1550 0.085
1822 0.25875
1562 -0.19125
1470 -0.065
1628 -0.30625
1618 -0.2175
1474 -0.01625
1602 -0.0525
1640 0.0775
1638 -0.27125
1634 -0.03
1626 -0.01125
1506 0.16375
1562 -0.105
1706 0.08
1774 -0.0525
1692 -0.1325
1614 -0.11
1742 -0.21625
1648 0.02875
1642 -0.1
1536 0.13
1660 -0.01125
1640 0.01875
1492 -0.04375
1668 -0.375
1680 -0.19875
1534 0.04375
1546 0.05875
1610 -0.15625
1750 -0.23
1634 -0.12125
1508 0.17375
1552 0.0725
1740 0.275
1678 -0.0275
1508 -0.0575
1564 -0.10875
1660 -0.1
1530 -0.1825
1580 -0.10875
1612 0.15375
1550 -0.06625
1622 0.00375
1708 -0.07
1654 -0.12375
1498 -0.23375
1594 -0.1775
1746 0.1825
1550 -0.10875
1586 -0.10875
1662 0.19875
1680 -0.0675
1566 -0.0125
1658 -0.0925
1666 0.2575
1544 0.09125
1484 0.0325
1682 0.0625
1842 0.1275
1656 -0.00875
1426 0.00125
1690 -0.10875
1702 0.12375
1660 -0.08875
1720 0.14375
1574 -0.13
1666 -0.15
1488 -0.1475
1794 -0.12875
1442 -0.03375
1692 -0.1325
1650 -0.1
1610 0.13125
1680 -0.00875
1520 0.06125
1682 0.14875
1586 -0.02
1576 -0.12375
1550 -0.03375
1696 -0.295
1626 0.13625
1642 0.1275
1694 -0.25625
1616 -0.17375
1742 0.02125
1640 0.02
1726 -0.1775
1686 0.25625
1606 -0.065
1676 -0.05375
1622 -0.1625
1806 0.29875
1648 0.01375
1652 0.085
1708 0.1525
1824 -0.305
1650 0.23
1622 -0.0125
1662 -0.02
1678 0.14625
1616 0.0475
1604 -0.22125
1466 -0.29875
1634 0.14
1630 0.12375
1430 -0.03625
1534 -0.02375
1710 0.0475
1700 0.09125
1734 -0.08125
1664 -0.00625
1618 0.35
1754 0.08125
1710 -0.19375
1608 -0.03125
1590 -0.055
1516 0.11125
1622 -0.02
1578 -0.2125
1546 -0.02
1598 -0.02375
1600 0.0075
1652 -0.11
1658 0.05125
1502 -0.1675
1560 -0.13125
1632 0.3375
1596 -0.0825
1578 -0.22625
1700 -0.0125
1406 0.16
1702 -0.05
1606 0.18625
1498 0.02125
1650 0.00625
1602 -0.0425
1738 -0.20375
1638 -0.08375
1582 0.15
1534 0.13
1594 0.1075
1702 -0.16
1400 0.08
1658 -0.0675
1832 -0.2425
1678 0.06
1678 0.03
1658 0.10375
1606 0.315
1600 -0.0525
1718 -0.01
1730 -0.02125
1670 -0.05
1724 0.2925
1580 0.08125
1518 -0.0825
1614 -0.10625
1576 0.03
1694 -0.30875
1726 0.00375
1534 0.08875
1710 0.0975
1816 -0.28
1762 -0.2625
1590 -0.09
1596 -0.055
1684 -0.24375
