746 -0.065
1570 -0.01625
1678 -0.14875
1714 0.1925
1522 -0.03875
1618 -0.1375
1646 -0.01875
1686 0.0625
1662 0.17625
1640 0.0975
1612 -0.01
1614 -0.1775
1730 0.0475
1634 -0.03625
1518 0.0425
1654 0.0075
1654 -0.2
1602 0.00875
1672 0.19
1532 -0.01125
1660 -0.12
1682 -0.1125
1578 -0.07
1594 0.04625
1526 -0.03625
1622 0.185
1706 -0.0525
1646 0.0775
1592 -0.11
1634 -0.31
1602 -0.03125
1734 -0.14
1686 0.01
1676 -0.015
1734 -0.27625
1568 0.0675
1552 -0.1275
1708 -0.0525
1656 0.11
1594 0.3175
1576 0.2475
1602 -0.02625
1518 -0.1
1636 -0.26
1546 -0.03875
1642 0.125
1648 0.08125
1796 -0.13875
1606 -0.14625
1688 -0.015
1668 -0.09625
1742 -0.2125
1596 0.22875
1468 0.125
1550 0.07625
1756 -0.05125
1474 0.01625
1718 0.13375
1546 0.1425
1742 0.085
1636 0.07875
1648 -0.08875
1584 0.08375
1640 0.05125
1482 -0.07625
1676 0.1525
1694 -0.12625
1734 -0.1375
1524 -0.0775
1522 0.05125
1586 0.1175
1666 -0.055
1490 0.04125
1558 -0.0125
1438 -0.0425
1594 -0.015
1614 -0.3475
1546 0.17
1598 0.0825
1478 0.12
1710 -0.28
1504 0.045
1734 -0.1075
1686 0.02375
1626 0.04625
1420 0.1
1574 -0.15125
1630 0.15875
1660 -0.0025
1636 0.20875
1554 0.0475
1542 0.01875
1710 -0.07375
1610 -0.0175
1450 0.125
1672 -0.1225
1642 -0.0675
1762 -0.14625
1546 -0.02375
1550 -0.08
1590 0.07625
1534 -0.11
1630 0.0825
1788 -0.17875
1630 -0.14125
1584 -0.08625
1570 -0.03875
1536 -0.15375
1740 -0.075
1576 0.12625
1706 0.18375
1596 0.0775
1582 -0.13875
1630 0.1675
1572 0.1625
1622 -0.03125
1570 0.03
1732 -0.3275
1580 0.09
1726 -0.19375
1606 -0.09875
1558 0.065
1530 -0.24375
1596 0.03
1682 -0.08125
1606 0.0025
1676 0.2225
1518 -0.095
1582 -0.15625
1742 -0.23
1706 0.00375
1650 -0.2525
1602 -0.00375
1576 -0.0575
1586 -0.0225
1616 -0.13375
1526 0.05
1812 -0.10625
1718 -0.24875
1526 0.01
1614 -0.115
1598 0.02375
1690 0.01125
1488 0.01
1766 -0.065
1766 -0.10875
1674 -0.12
1566 -0.045
1642 -0.1525
1466 -0.095
1706 0.1225
1644 0.05375
1720 0.00125
1660 -0.13125
1662 0.12625
1526 0.0875
1746 0.4225
1800 -0.25125
1490 -0.0675
1600 0.05875
1586 0.055
1512 -0.2125
1750 0.10875
1592 -0.115
1638 -0.18375
1674 -0.2425
1746 0.2175
1506 0.06125
1628 -0.11375
1642 -0.035
1612 -0.07
1668 0.1225
1510 -0.015
1670 -0.0675
1734 0.06625
1592 0.16
1618 -0.045
1542 -0.13
1490 0.1125
1704 0.155
1606 -0.00375
1492 -0.115
1618 -0.045
1628 -0.16625
1552 0.06875
1698 -0.0975
1656 -0.22875
1554 -0.0775
1702 -0.065
1542 -0.12375
1636 0.1825
1628 0.01875
1634 -0.23875
1536 0.01125
1612 0.215
1674 0.3125
1578 0.0425
1524 -0.09375
1466 -0.1125
1594 -0.0625
