686 0.04375
1702 -0.0275
1624 -0.17125
1584 -0.1375
1564 0.2
1610 -0.19125
1650 0.02375
1582 -0.06125
1562 -0.1725
1634 0.16125
1586 0.3
1454 -0.0675
1494 -0.17375
1512 -0.0275
1538 -0.2275
1614 0.00625
1698 0.08875
1586 0.12875
1498 0.05875
1782 0.0575
1520 -0.12
1676 -0.33125
1572 -0.08125
1648 0.15125
1536 -0.13875
1750 0.21125
1564 0.08875
1448 0.23625
1630 -0.29125
1512 -0.14375
1580 -0.11
1654 -0.2825
1814 0.06375
1458 -0.135
1508 0.05125
1482 -0.0025
1660 0.23375
1482 -0.14625
1606 -0.19125
1478 0.1475
1496 -0.02
1694 -0.20375
1642 -0.01875
1548 0.1925
1528 0.3
1660 -0.27625
1688 -0.01375
1602 -0.13875
1562 0.0225
1542 -0.02125
1478 -0.00875
1478 0.08625
1594 -0.06125
1674 -0.0775
1670 0.13125
1634 -0.025
1602 -0.07375
1562 -0.085
1524 -0.12875
1708 -0.04375
1478 -0.125
1602 -0.285
1648 -0.21375
1694 -0.06125
1620 0.22125
1574 -0.15125
1602 0.11625
1646 -0.00875
1662 0.1325
1578 -0.06375
1752 0.235
1494 0.01375
1564 0.21625
1634 -0.07625
1622 0.16125
1514 -0.05125
1422 -0.0575
1686 -0.02375
1648 -0.0925
1526 -0.08625
1628 0.22875
1698 -0.22875
1582 -0.11375
1422 0.18
1612 -0.03
1508 -0.01375
1610 -0.1475
1582 0.1775
1546 0.155
1826 0.01875
1732 -0.19125
1480 -0.02
1670 -0.025
1638 0.06625
1524 -0.025
1714 -0.1175
1530 -0.08125
1536 -0.18625
1508 -0.16375
1616 -0.0325
1692 0.2075
1570 0.22875
1660 0.23375
1464 0.04875
1474 -0.03375
1626 -0.12625
1618 0.035
1516 -0.09
1658 -0.12
1604 0.07625
1520 -0.04875
1634 -0.0625
1698 0.2825
1614 -0.0025
1798 -0.15125
1498 -0.2875
1596 0.075
1726 -0.15
1670 -0.1425
1696 0.14375
1610 -0.11625
1722 -0.0075
1710 0.385
1556 -0.015
1636 -0.015
1718 -0.01
1624 0.11875
1502 -0.00875
1650 -0.05875
1600 -0.065
1698 0.18
1454 0.1925
1726 0.27625
1490 0
1618 -0.18
1548 0.03125
1588 0.20625
1734 0.26125
1544 -0.01125
1686 0.25
1526 -0.1125
1518 -0.0325
1566 0.07875
1564 0.15375
1686 0.0675
1548 -0.03125
1522 0.19875
1608 0.05875
1558 -0.1475
1526 -0.02375
1614 -0.07
1520 -0.1025
1576 -0.04125
1542 0.125
1640 -0.225
1610 0.11875
1666 0.09125
1572 -0.0725
1688 -0.20625
1564 0.02
1564 0.1375
1560 -0.03625
1566 -0.06625
1746 0.075
1612 -0.0475
1778 0.02
1498 0.0275
1596 -0.045
1840 -0.025
1654 -0.12375
1714 0.06875
1730 -0.31
1634 -0.12875
1626 -0.23375
1634 -0.10625
1532 -0.02125
1600 0.25625
1476 -0.02
1670 -0.07
1704 0.02375
1578 -0.09125
1602 -0.125
1730 0
1526 0.05125
1622 -0.24625
1650 -0.02375
1600 0.105
1812 0.17375
1406 -0.12625
1658 -0.0825
1494 0.145
1598 0.03625
1744 0.07125
1652 0.14625
1590 0.075
1640 0.2025
1590 -0.19375
1650 0.0875
1558 -0.06375
1592 -0.065
