698 0.065
1528 -0.065
1616 0.0875
1630 -0.12625
1552 0.0625
1556 -0.02875
1704 -0.32125
1582 -0.29125
1604 -0.03375
1514 0.04125
1694 0.1825
1682 -0.21375
1692 0.095
1574 -0.21625
1570 -0.2775
1566 -0.1075
1594 0.27
1486 -0.15125
1606 -0.1725
1506 0.0175
1710 -0.015
1538 -0.27375
1526 0.115
1602 0.105
1666 -0.00625
1522 -0.12625
1526 -0.03125
1526 0.10125
1510 -0.14375
1652 -0.04625
1466 -0.09375
1698 -0.12125
1430 0.07875
1542 0.035
1666 -0.0325
1742 -0.23375
1566 -0.07
1644 0.2075
1606 -0.0025
1494 0.1325
1662 0.11125
1696 0.06375
1534 -0.05
1574 0.16375
1766 0.1
1754 -0.15875
1740 -0.03125
1458 -0.01
1710 0.11
1700 0.0125
1530 0.10375
1594 0.00125
1594 0.0075
1550 0.30125
1590 0.0725
1586 0.22375
1756 0.1075
1654 -0.10125
1570 0.04375
1588 -0.16625
1650 -0.09
1470 -0.01125
1606 -0.03625
1710 0.05875
1628 -0.06625
1626 -0.10375
1634 0.08125
1586 0.18875
1574 -0.14125
1646 0.22125
1650 -0.0475
1566 -0.07125
1528 0.12125
1522 -0.0275
1714 -0.035
1706 -0.20625
1554 -0.19
1534 0.01875
1590 0.02875
1682 0.0275
1570 0.12875
1516 0.18625
1522 -0.0275
1598 -0.0675
1726 -0.03125
1604 0.10375
1544 -0.11125
1742 -0.0925
1734 -0.0475
1566 0.05875
1562 0.14
1618 0.0425
1526 -0.07375
1620 -0.0175
1700 -0.08
1528 0.07125
1702 -0.19375
1654 0.095
1588 0.02
1638 -0.01375
1478 -0.17375
1730 -0.2725
1542 -0.06625
1432 -0.04625
1690 0.13625
1606 -0.09125
1564 -0.0775
1592 0.11375
1714 0.085
1534 0.08
1454 0.1625
1626 -0.18375
1630 -0.08625
1598 -0.12125
1604 0.025
1634 -0.2625
1630 0.14625
1580 -0.04875
1598 0.1075
1540 0.03625
1690 0.2
1744 0.18375
1586 -0.17
1528 0.1075
1542 -0.03
1554 0.115
1648 -0.28875
1524 0.0325
1708 0.06375
1570 -0.1075
1480 0.01125
1574 0.04875
1774 0.125
1570 -0.03125
1594 -0.0325
1670 -0.3525
1718 -0.06375
1730 0.1425
1702 0.18375
1522 0.12125
1710 0.11
1592 0.04625
1546 -0.2375
1550 0.15625
1482 -0.02875
1802 -0.27125
1598 0.1675
1686 0.06375
1674 -0.23
1614 -0.1625
1678 -0.06875
1594 0.11875
1534 -0.1375
1630 0.05375
1710 -0.07125
1590 -0.0825
1544 0.0475
1604 0.00125
1622 -0.115
1630 0.08125
1490 0.16625
1606 0.02
1494 -0.14
1648 -0.20375
1660 -0.01375
1798 0.05
1818 0.14875
1778 -0.24375
1506 0.13375
1572 -0.01875
1450 0.0225
1606 -0.0075
1682 0.05
1638 0.175
1666 -0.0775
1686 0.095
1558 0.2975
1510 0.0175
1744 0.105
1606 0.01625
1662 -0.10625
1584 0.02375
1544 -0.15625
1534 -0.15125
1590 0.02375
1616 0.0075
1446 -0.04
1632 -0.04625
1586 -0.00875
1666 0.0375
1532 -0.115
1530 0.16625
1610 -0.03375
1620 0.14875
1562 0.0525
1582 0.01125
1534 -0.18625
1552 0.04
1744 -0.15375
1642 0.01625
