732 0.07625
1428 0.04375
1628 0.05875
1774 -0.18875
1402 0.0575
1630 -0.08125
1704 0.00875
1458 -0.12875
1554 -0.2125
1686 0.2675
1602 0.05875
1698 -0.12875
1598 -0.00375
1554 -0.2125
1566 0.11375
1662 -0.08875
1556 -0.18875
1678 0.09625
1676 -0.0375
1646 -0.09625
1582 0.0025
1534 0.0625
1588 0.04625
1586 0.11375
1594 -0.20125
1682 0.21625
1686 0.15625
1708 -0.09625
1552 -0.1325
1682 0.0325
1554 -0.05
1630 0.02875
1558 -0.1725
1698 -0.00375
1704 -0.245
1686 0.22625
1542 0.045
1654 0.31875
1634 -0.15875
1634 0.0075
1538 -0.2375
1598 -0.05375
1538 -0.0325
1568 -0.03
1654 -0.24125
1540 0.065
1522 -0.0375
1678 0.08375
1758 -0.22
1704 0.20875
1546 0.09875
1544 0.075
1562 -0.16375
1646 0.1675
1754 0.0575
1646 0.14875
1536 -0.075
1568 -0.12125
1464 0.02
1570 -0.00125
1490 -0.17625
1634 0.215
1630 0.10375
1462 0.02375
1652 -0.01625
1598 0.095
1472 0.055
1624 0.1025
1660 0.15625
1770 0.03125
1682 0.2325
1588 0.22875
1662 -0.0425
1616 0.11625
1618 0.02125
1598 0.01125
1646 -0.125
1680 -0.29875
1594 0.06625
1762 -0.07625
1714 -0.0825
1602 -0.14625
1548 -0.145
1646 0.3075
1660 0.265
1618 -0.09375
1574 -0.03
1616 0.02
1540 -0.02625
1584 0.0975
1532 -0.00375
1662 0.235
1572 -0.0575
1470 0.14125
1604 -0.12875
1638 -0.13625
1518 0.21125
1418 -0.11875
1514 -0.11375
1612 0.00625
1622 0.16875
1506 -0.2525
1510 0.01375
1600 -0.08375
1458 0.1375
1544 0.03875
1606 0.055
1692 0.1225
1634 0.00125
1654 -0.02625
1554 -0.14125
1578 -0.13375
1582 0.08625
1494 0.00375
1652 -0.04
1480 0.015
1658 -0.09375
1558 -0.24875
1546 -0.17125
1570 -0.1
1542 0.1425
1456 0.015
1406 -0.0175
1550 -0.04875
1656 -0.24875
1658 -0.05
1598 0.05375
1554 -0.20375
1520 -0.005
1518 -0.15875
1498 0.1275
1714 0.10875
1590 -0.08125
1546 0.2325
1514 -0.0875
1402 -0.0175
1546 -0.055
1694 0.165
1626 0.09625
1652 -0.22625
1600 -0.0475
1408 -0.005
1522 -0.04375
1608 0.00875
1466 -0.01125
1566 -0.12
1598 -0.09875
1550 0.05875
1578 0.00625
1574 -0.3075
1572 0.1275
1690 -0.015
1638 0.0875
1566 0.0425
1542 -0.02625
1672 0.30875
1690 -0.23625
1578 -0.07125
1702 -0.07625
1698 -0.1225
1656 -0.0975
1642 0.03375
1598 0.0025
1528 0.05
1498 0.01625
1446 0.15125
1660 -0.18125
1486 -0.08
1806 0.125
1552 0.0025
1614 -0.265
1622 -0.11125
1580 0.0575
1588 0.0175
1638 -0.18625
1426 -0.0075
1482 -0.1425
1582 -0.2025
1598 0.1325
1686 -0.2075
1632 0.22125
1634 -0.0175
1842 -0.075
1406 -0.0775
1530 -0.14625
1664 -0.09875
1666 -0.26
1726 -0.05625
1628 0.03125
1700 -0.23875
1566 -0.0275
1606 -0.1725
1694 -0.21
1618 -0.085
1590 0.0325
1578 -0.2675
1558 0.1425
1618 0.02375
1642 0.16125
1634 0
