714 0.08125
1664 0.1525
1756 0.265
1514 -0.2
1518 -0.09
1582 0.23
1804 -0.205
1546 -0.08125
1614 -0.14625
1506 -0.0225
1498 -0.2125
1524 -0.03875
1662 -0.03875
1704 0.0575
1650 0.1725
1542 0.13875
1494 -0.0025
1590 -0.08875
1598 0.00875
1650 -0.04875
1552 0.01625
1582 -0.0475
1548 -0.02
1514 0.0775
1562 -0.0825
1590 0.10375
1642 0.09875
1458 0.14375
1572 -0.0075
1626 -0.06
1678 0.095
1638 0.1675
1580 0.12625
1492 0.1125
1568 -0.2425
1678 0.05875
1678 0.0325
1618 -0.195
1558 -0.09375
1634 -0.295
1738 0.02875
1574 -0.05875
1490 0.14
1662 0.205
1582 0.10875
1568 -0.1225
1586 -0.07375
1526 -0.2325
1468 -0.08625
1658 -0.09625
1652 0.10375
1490 0.1275
1548 0.21875
1756 -0.15375
1666 0.18
1688 0.0375
1664 -0.16375
1566 0.035
1550 -0.0625
1694 -0.16
1594 -0.2125
1608 0.21375
1544 -0.105
1550 0.05125
1610 -0.03875
1660 -0.11
1588 -0.0075
1594 -0.1225
1410 0.09875
1586 -0.17125
1538 -0.115
1554 0.03125
1532 0.2375
1522 -0.23375
1538 0.02125
1598 -0.00375
1568 0.06125
1652 0.0875
1448 0.04
1592 -0.0275
1654 -0.14625
1574 0.1375
1586 0.13875
1562 0.155
1546 0.0525
1498 -0.22
1624 -0.14625
1546 0.22
1538 -0.2125
1518 -0.085
1708 -0.1
1532 0.055
1602 -0.08125
1518 -0.18
1584 -0.09375
1692 -0.17
1624 -0.0625
1696 -0.37875
1652 -0.08375
1726 0.005
1544 -0.0875
1664 -0.0025
1588 0.01875
1544 -0.05875
1410 -0.01125
1578 -0.13875
1782 -0.21875
1502 0.08
1508 0.07375
1414 0.00875
1602 0.08625
1666 -0.25625
1566 -0.01875
1550 -0.06125
1458 -0.11
1454 0.21625
1582 0.00375
1536 0.005
1610 -0.21875
1670 -0.08875
1528 -0.15125
1558 0.1675
1530 -0.1675
1540 0.1675
1596 -0.2775
1444 -0.26875
1534 0.06875
1474 -0.17
1510 0.04
1686 -0.07
1618 -0.10125
1630 -0.12625
1636 0.18375
1428 -0.06875
1530 -0.1775
1454 0.07625
1650 0.02125
1564 0.14
1498 0.24375
1488 -0.195
1658 -0.26
1606 -0.16875
1550 0.25375
1490 0.03
1652 -0.11125
1554 0.17875
1696 0.20125
1584 -0.11
1598 -0.045
1664 -0.0825
1508 -0.00125
1522 -0.06125
1742 -0.14375
1538 0.01625
1522 0.06
1636 -0.11875
1640 -0.12625
1566 -0.1
1574 0.17875
1668 0.01
1706 -0.11375
1500 -0.035
1566 -0.1225
1516 -0.08
1562 0.15625
1554 -0.12
1504 0.19
1616 0.14625
1642 0.06375
1610 -0.29125
1526 -0.145
1718 0.1525
1492 -0.06875
1550 0.15625
1558 -0.11
1622 -0.15875
1746 0.2225
1692 0.10625
1612 -0.10875
1546 0.02875
1466 0.11375
1654 0.05375
1694 0.2
1666 0.2025
1634 -0.03125
1638 0.02875
1664 -0.075
1522 0
1682 -0.22375
1518 -0.14
1526 0.15
1672 -0.125
1550 0.10375
1722 0.13625
1550 0.13875
1798 0.11125
1584 0.14625
1586 0.12125
1424 -0.03125
1450 -0.03125
