706 0.06875
1614 -0.14375
1558 0.0025
1604 0.14625
1626 0.0925
1562 0.12625
1668 -0.03125
1606 0.1525
1482 -0.155
1558 -0.13
1702 0.135
1494 -0.08
1478 -0.10875
1528 -0.02625
1562 0.0275
1592 0.18125
1538 0.115
1738 0.19375
1490 -0.165
1416 -0.04
1654 0.075
1570 -0.015
1534 0.07375
1826 -0.19375
1542 -0.09375
1686 -0.27
1550 -0.24625
1450 -0.11125
1460 0.0375
1594 -0.0575
1610 -0.19125
1540 0.01875
1572 0.0775
1542 0.07
1556 0.1625
1546 -0.04375
1538 -0.14375
1606 -0.2825
1672 0.01
1624 -0.07375
1582 -0.15625
1610 -0.10875
1616 -0.13
1606 0.01
1464 -0.08625
1474 0.0375
1550 0.11375
1646 -0.0025
1502 0.13
1570 0.05
1636 0.07
1706 0.17375
1418 -0.04
1666 0.05375
1492 -0.02375
1582 -0.095
1570 0.00375
1508 0.13125
1594 0.31375
1414 -0.09875
1484 0.03
1636 0.25
1622 0.1375
1558 -0.17875
1578 -0.05
1734 -0.0675
1590 0.04125
1650 0.0725
1404 0.17375
1650 -0.14125
1580 0.045
1532 -0.02625
1734 -0.3375
1538 -0.12375
1708 -0.01875
1504 0.00625
1616 0.015
1618 -0.2825
1578 -0.075
1466 0.0625
1734 0.12875
1654 -0.12
1550 0.01
1528 0.17875
1666 -0.00375
1616 -0.06625
1674 0.0575
1768 -0.15875
1562 -0.0275
1598 -0.0225
1658 -0.07125
1418 0.05
1526 0.06625
1582 0.0925
1532 0.045
1644 0.04125
1486 -0.08375
1480 -0.025
1598 -0.095
1492 0.115
1454 -0.08875
1472 0.0325
1556 -0.03125
1580 0.12375
1554 -0.01875
1504 0.06875
1610 -0.22
1698 0.09625
1710 0.2425
1532 -0.06125
1658 -0.36125
1656 -0.0375
1382 0.07625
1704 0.065
1578 -0.2
1502 -0.17875
1542 -0.095
1486 -0.0375
1668 -0.165
1656 0.28125
1478 -0.14375
1484 0.1875
1620 -0.01625
1530 -0.16
1548 -0.07375
1482 -0.03
1630 0.06625
1530 -0.11875
1634 0.04
1630 -0.19375
1502 0.0025
1478 0.005
1610 -0.19875
1780 -0.36375
1602 -0.03875
1676 0.3625
1550 -0.06375
1556 0.18125
1522 -0.015
1626 -0.0575
1598 -0.2075
1442 -0.10375
1602 0.295
1652 -0.1575
1530 0.12625
1518 -0.21
1654 0.1175
1586 -0.14625
1604 -0.2025
1472 -0.06375
1642 0.1625
1552 0.09875
1570 -0.0375
1338 -0.01125
1508 -0.195
1450 -0.00125
1532 0.1175
1338 0.0175
1598 -0.0675
1650 -0.0675
1576 -0.03875
1494 -0.03875
1374 -0.0875
1580 0.06625
1574 0.0275
1494 -0.23375
1526 -0.03
1554 0.04875
1502 -0.03875
1646 -0.26125
1692 -0.2825
1522 -0.08125
1490 -0.18
1714 -0.17
1566 0.0175
1710 0.1
1666 -0.02375
1586 -0.03875
1516 0.11375
1442 -0.06
1586 0.0375
1628 0.0475
1694 -0.11375
1484 -0.19875
1564 -0.16
1706 0.23875
1394 0.11875
1500 0.04625
1830 0.345
1672 -0.02875
1626 -0.17625
1612 0.17375
1682 -0.03375
1526 -0.035
1558 0.14375
1504 -0.045
1696 -0.2075
1582 0.13375
1726 0.15
1670 -0.04125
