682 0.06625
1484 -0.0175
1666 -0.095
1498 -0.04875
1562 -0.2225
1494 0.17
1530 -0.2825
1474 -0.06
1636 -0.14375
1504 0.25125
1514 0.1175
1624 0
1808 0.18875
1596 0.12875
1606 0.15125
1394 0.10375
1580 -0.0225
1590 0.03875
1546 0.14375
1546 -0.03125
1672 -0.0875
1578 -0.00375
1616 0.01875
1524 0.0975
1590 0.13
1552 0.02125
1430 -0.13
1482 -0.14875
1558 -0.09875
1526 -0.0425
1530 -0.1425
1634 -0.025
1382 -0.04
1496 -0.1225
1582 0.1075
1662 0.01
1590 -0.01625
1530 -0.0625
1558 0.29125
1666 0.1075
1588 -0.00875
1596 0.105
1456 0.0975
1622 -0.03375
1574 -0.05375
1674 0.14375
1732 -0.07
1570 -0.1
1546 -0.08375
1536 -0.11625
1562 0.0475
1534 -0.0775
1696 -0.08125
1640 0.0875
1692 0.005
1614 -0.15
1600 -0.22875
1484 -0.19875
1496 0.185
1432 0.08375
1650 0.115
1514 -0.12375
1570 -0.18
1492 -0.02375
1846 0.08875
1632 -0.16375
1430 0.23
1428 0.0225
1658 0.165
1582 -0.04125
1646 -0.2525
1476 -0.02
1590 -0.09625
1484 0.03375
1662 0.12625
1662 -0.0275
1472 0.18
1472 -0.16875
1706 -0.14375
1736 -0.04375
1494 0.04875
1614 -0.25375
1526 -0.1575
1426 0.00625
1458 0.06875
1570 0.07125
1638 -0.165
1418 0.13
1592 -0.04875
1554 -0.01125
1452 0.03
1636 0.085
1586 -0.20125
1586 -0.13625
1658 -0.055
1514 -0.16125
1590 0.19625
1580 0.01125
1662 -0.14875
1536 -0.1
1464 0.09625
1530 0.01375
1608 -0.1925
1460 0.21375
1406 -0.11
1570 0.0475
1576 -0.1825
1550 -0.10125
1530 -0.00625
1516 0.1075
1546 0.06875
1580 -0.14875
1686 -0.02375
1450 0.01375
1560 0.24125
1546 -0.00125
1604 -0.1225
1472 -0.135
1442 -0.07875
1582 0.01625
1588 0.04125
1606 -0.11
1552 -0.245
1394 0.00375
1522 -0.02875
1542 0.12625
1528 -0.02375
1436 0.06625
1622 -0.1
1460 0.0125
1614 -0.06625
1496 0.075
1578 -0.06625
1536 -0.055
1566 0.11625
1582 -0.0825
1640 -0.1075
1584 -0.03125
1484 -0.04375
1622 0.175
1522 0.06875
1534 -0.09875
1638 -0.05
1482 -0.26
1586 -0.17375
1524 -0.07125
1546 0.01375
1414 -0.2325
1644 0.17625
1600 0.05625
1562 0.025
1514 -0.08
1596 0.055
1520 0.14125
1686 0.18375
1438 -0.09125
1494 -0.03625
1798 -0.2525
1420 0.08
1496 -0.0425
1448 0.03125
1436 0.1075
1606 0.0475
1566 -0.04375
1578 0.1325
1530 0.22625
1546 0.07125
1462 -0.08
1610 0.05375
1784 0.2425
1558 -0.1875
1612 0.00375
1486 -0.105
1520 0.08875
1646 -0.11125
1736 -0.21375
1630 -0.1
1510 -0.17625
1454 -0.02375
1624 -0.34625
1552 0.02
1650 -0.11125
1582 -0.1175
1480 0.06375
1518 0.025
1544 -0.09125
1502 0.025
1626 0.1625
1626 0.10375
1402 0
1654 -0.1525
1502 -0.05
1510 0.12125
1484 -0.01375
1386 -0.105
1582 -0.07375
1606 0.0875
1566 -0.035
1496 -0.23625
1488 0.2525
