868 0.04
1692 -0.3175
1602 -0.10125
1450 0.045
1520 -0.00375
1338 -0.20875
1596 0.1075
1478 -0.105
1700 -0.075
1630 0.0075
1500 0.025
1646 0.125
1770 0.0525
1458 -0.04625
1590 -0.06625
1586 -0.0375
1480 -0.05125
1484 -0.01625
1414 0.02
1546 0.22875
1602 -0.135
1420 -0.025
1536 0.03
1546 -0.12375
1522 -0.1475
1500 0.04
1558 -0.02
1566 0.04875
1562 0.12875
1490 0.09375
1452 0.09875
1558 -0.09875
1482 -0.0375
1510 0.0475
1576 -0.01375
1570 -0.08375
1540 -0.11
1550 -0.225
1548 -0.10875
1662 0.04375
1542 -0.035
1648 -0.10625
1528 0.0625
1568 0.00125
1510 -0.1325
1518 0.145
1522 -0.06625
1458 0.0525
1494 0.10875
1590 -0.1
1588 0.03125
1510 0.095
1592 -0.1375
1522 -0.17125
1530 0.03
1626 0.00625
1622 0.03375
1524 0.10375
1514 -0.00125
1654 -0.34
1590 -0.025
1610 -0.19125
1548 -0.015
1602 0.02375
1566 -0.13
1418 -0.16
1620 0.0725
1544 0.19875
1396 0.05625
1654 -0.19
1588 -0.05375
1578 0.06
1662 -0.07
1616 -0.06
1412 -0.085
1426 0.185
1396 0.01875
1550 0.1
1568 0.14875
1574 -0.0625
1446 0.175
1686 0.05875
1678 -0.23125
1630 0.085
1534 -0.09875
1562 -0.16625
1578 0.1775
1598 -0.13625
1584 0.02875
1354 -0.06625
1450 -0.00625
1660 -0.12875
1606 -0.25375
1598 -0.13375
1542 0.14375
1448 -0.0725
1606 0.1725
1598 -0.1875
1486 0.02375
1684 0.01125
1620 0.0975
1542 -0.09
1590 -0.05125
1562 0.1275
1650 0.00375
1426 0.005
1702 -0.0175
1478 0.105
1516 0.2175
1572 -0.015
1670 0.07625
1562 -0.0575
1594 0.1425
1534 0.13875
1686 -0.035
1378 0.10625
1616 0.13875
1548 0.0575
1582 0.04
1634 -0.04375
1550 -0.0875
1374 0.1175
1486 0.12125
1534 0.055
1602 -0.02375
1630 -0.28
1528 0.1125
1510 -0.1275
1572 -0.06625
1616 0.195
1578 -0.09625
1580 0.08125
1546 -0.06125
1502 0.13875
1390 -0.06625
1522 0.09375
1490 0.00625
1478 0.13
1560 -0.13375
1570 -0.0275
1588 -0.2575
1696 -0.325
1640 0.065
1508 -0.04625
1492 -0.32125
1504 -0.00625
1628 -0.1225
1594 0.15625
1704 0.19
1550 -0.01125
1510 -0.14625
1578 0.10125
1456 0.14375
1474 -0.135
1488 0.04375
1514 0.0775
1370 -0.07125
1570 -0.09
1710 0.25875
1402 -0.02875
1496 -0.09
1480 -0.08
1310 -0.08875
1418 0.065
1410 0.01625
1696 -0.16375
1498 0.075
1542 0.02
1686 -0.04125
1542 0.06375
1492 0.0275
1522 -0.18375
1470 0.20375
1586 0.23875
1624 0.17375
1454 0.05625
1594 -0.2425
1450 -0.20625
1498 0.12875
1466 -0.0925
1412 -0.09875
1620 0.1825
1602 -0.035
1558 -0.09125
1670 -0.00625
1654 -0.19
1502 0.0525
1432 0.02875
1482 0.01625
1390 0.05375
1668 0.11625
1582 0.07875
1626 0.1175
1604 0.0075
1562 0.095
1650 0.1175
1386 0.0425
1592 0.12
1618 -0.19875
1558 -0.16125
