708 -0.00625
1532 0.1525
1452 0.04375
1492 0.08375
1644 0.03
1564 0.06125
1522 -0.05375
1550 -0.035
1614 -0.035
1518 -0.04
1436 0.09
1522 -0.13625
1658 -0.42375
1488 0.0975
1464 -0.0475
1514 -0.0075
1506 -0.2525
1378 0.085
1404 0.01
1456 -0.07875
1710 -0.07375
1594 -0.00375
1590 0.0575
1412 0.01125
1478 0.00875
1430 0.08125
1538 0.10375
1430 0.1325
1530 -0.12125
1622 0.13625
1484 0.01375
1502 -0.01
1526 0.065
1540 -0.2
1492 0.16
1390 -0.18
1586 -0.06625
1482 0.0375
1618 -0.0575
1428 -0.07
1294 0.01875
1452 -0.06
1558 -0.07125
1546 0.01125
1544 0.085
1606 0.21
1616 0.295
1506 0.11
1318 -0.22125
1518 0.05875
1602 -0.015
1482 -0.01125
1462 -0.12
1586 0.18625
1560 -0.0875
1530 -0.04625
1682 0.11
1628 0.2975
1582 -0.12875
1564 -0.14375
1562 -0.21625
1498 -0.16625
1582 -0.1025
1526 -0.18875
1542 -0.10875
1714 -0.02875
1610 0.02
1658 0.0275
1600 -0.10625
1458 -0.00375
1494 -0.09
1530 0.2025
1738 0.30375
1602 0.0425
1466 0.065
1510 0.035
1586 0.055
1490 -0.1525
1418 0.09375
1688 -0.16125
1578 0.15375
1598 -0.21125
1686 -0.15875
1562 -0.0275
1378 0.0625
1574 -0.11
1564 0.08125
1550 -0.06625
1514 0
1610 -0.02875
1530 0.1425
1530 0.04
1582 -0.095
1722 0.0775
1422 -0.0375
1476 -0.19625
1554 -0.0225
1430 0.085
1434 -0.1325
1562 0.1
1590 -0.0975
1442 0.06375
1568 0
1600 0.135
1602 -0.06375
1442 0.015
1600 0.04625
1554 0.12625
1620 -0.10875
1458 -0.14375
1650 -0.105
1648 0.1675
1554 -0.005
1566 -0.16
1530 0.04125
1594 0.03875
1602 0.055
1664 0.18125
1412 -0.13125
1506 0.015
1594 0.12375
1640 0.195
1490 0.16
1600 -0.01
1576 0.19375
1698 0.01125
1620 -0.00875
1552 -0.02125
1546 -0.105
1566 0.0525
1714 0.10875
1510 0.08125
1370 0.07875
1686 0.13625
1376 0.12125
1570 0.06625
1546 -0.0425
1558 -0.14
1550 0.02625
1626 0.11
1602 0.21125
1562 0.05
1398 0.155
1602 -0.2025
1514 -0.18625
1472 0.09125
1510 0.09375
1532 0.02875
1602 0.025
1586 0.13125
1526 0.00625
1352 0.05375
1512 0.11
1530 -0.13625
1604 -0.01
1586 0.2075
1586 -0.00125
1650 -0.16375
1500 -0.1875
1544 0.065
1648 -0.19
1590 0.16875
1524 0.0075
1440 0.09625
1534 0.035
1398 -0.15625
1514 -0.0325
1536 0.20125
1520 0.06625
1418 -0.1225
1638 0.08
1570 0.0225
1510 -0.04625
1482 -0.10875
1590 -0.26125
1518 0.0475
1626 -0.18625
1406 0.0475
1600 -0.085
1742 -0.03125
1650 -0.04875
1642 0.19625
1416 -0.00625
1538 0.115
1494 0.0575
1448 -0.12
1446 -0.02375
1590 -0.0575
1480 0.10875
1500 -0.10125
1492 -0.05
1546 0.07375
1470 0.18375
1542 -0.11375
1622 -0.19875
1538 0.03875
1432 -0.02625
1518 -0.06125
1584 0.13375
1436 -0.1025
