826 -0.175
1714 -0.06
1574 -0.1275
1610 0.16
1594 0.0025
1466 0.0475
1584 0.04
1548 0.065
1692 -0.16875
1598 0.15375
1458 0.06
1444 0.07125
1668 0.16125
1564 0.02
1480 0.0425
1572 0.13125
1498 -0.10125
1506 -0.1025
1450 0.00375
1498 0.01875
1530 -0.2175
1686 0.16125
1518 -0.07
1538 -0.19625
1468 -0.16125
1650 -0.13375
1674 -0.30375
1634 0.045
1518 -0.0975
1474 -0.0975
1630 0.04125
1508 0.115
1714 0.1425
1476 -0.1175
1600 -0.135
1504 0.07875
1456 0.07125
1532 0.01875
1466 -0.06375
1442 -0.20375
1474 0.0525
1508 -0.22625
1504 -0.025
1478 0.0575
1584 -0.00125
1496 0.11125
1730 -0.22375
1482 0.04625
1504 0.16
1538 0.11
1714 -0.15125
1542 -0.13
1566 -0.1875
1616 -0.1475
1344 -0.05625
1450 0.08625
1506 0.17
1550 -0.02
1590 -0.05
1422 -0.1
1556 -0.03375
1572 0.00375
1482 0.06625
1590 0.095
1582 -0.06
1546 -0.0725
1462 0.09625
1462 -0.02375
1544 0.0725
1596 -0.07875
1538 -0.00125
1472 -0.1025
1612 0.0725
1734 -0.2075
1552 -0.0875
1426 0.03
1500 0.00625
1478 -0.17375
1430 0.05125
1480 -0.10125
1740 0.1575
1574 -0.1775
1458 -0.02625
1518 0.0175
1458 -0.1925
1582 0.08625
1594 0.04125
1506 -0.0625
1510 -0.065
1514 -0.1525
1630 -0.0375
1518 -0.06
1588 0.04875
1500 0.03625
1618 -0.0925
1492 0.11875
1502 0.1125
1538 -0.09125
1520 -0.0225
1516 0.05125
1402 -0.11
1590 -0.115
1602 0.2775
1578 0.17
1476 0.05375
1506 -0.055
1658 0.11375
1492 0.18
1618 -0.08
1626 -0.00625
1514 -0.03625
1492 0.01375
1648 -0.0325
1562 0
1428 -0.0975
1590 -0.05875
1604 0.165
1546 -0.1275
1594 -0.25875
1624 -0.225
1498 -0.06125
1546 0.03125
1616 -0.0675
1598 -0.0625
1488 0.25125
1558 -0.09625
1528 -0.23375
1678 0.20125
1422 -0.01125
1634 -0.05625
1584 -0.0925
1416 0.05125
1470 -0.065
1602 0.065
1504 -0.19625
1600 -0.0275
1460 -0.115
1518 0.12625
1446 -0.09375
1490 -0.025
1540 0.10875
1460 0.01
1456 0.05
1508 0.16625
1464 -0.12875
1474 -0.0175
1550 -0.07375
1514 -0.05375
1542 0.065
1474 -0.1
1570 -0.21125
1478 -0.195
1604 0.065
1524 0.03625
1556 0.17625
1566 -0.17375
1478 -0.22125
1546 -0.27125
1462 0.0175
1598 0.21
1538 0.06625
1444 0.01625
1482 0.21625
1572 0.07625
1584 -0.05875
1534 -0.2675
1582 -0.07
1514 0.00625
1554 -0.09625
1630 -0.12
1438 0.07375
1418 0.035
1550 0.025
1486 -0.0975
1418 -0.05125
1582 -0.13875
1472 0.03
1618 0.03375
1602 -0.10375
1454 -0.005
1502 -0.0525
1566 -0.0675
1722 -0.31125
1678 0.03125
1566 0.29375
1546 -0.15875
1616 -0.095
1560 -0.10375
1628 0.00375
1648 -0.3575
1496 -0.21625
1486 -0.12
1510 -0.04
1396 -0.1425
1496 -0.08
1578 -0.06125
1510 0.13625
1518 0.06
1502 -0.02
1598 0.09875
