630 -0.02125
1626 -0.04375
1508 -0.025
1582 0.24
1570 0.07
1550 0.05625
1572 -0.04125
1484 0.165
1486 0.02375
1454 0.06
1470 -0.17375
1490 -0.15
1524 -0.145
1466 -0.10625
1494 0.15375
1530 -0.0925
1448 -0.0575
1590 0.06125
1544 -0.135
1570 -0.04375
1550 0.14
1458 -0.0575
1618 0.04
1542 0.05875
1592 -0.04875
1546 -0.1425
1608 -0.13125
1574 -0.20875
1584 -0.05125
1472 -0.02
1574 -0.03
1622 0.05625
1450 0.12875
1462 0.01625
1526 0.1175
1378 0.18625
1474 0.0425
1598 0.0375
1590 -0.09125
1504 0.05875
1452 0.0175
1502 -0.01875
1478 0.1725
1430 -0.03625
1522 -0.0275
1548 0
1566 -0.02875
1474 -0.12
1520 0.24
1538 -0.07
1630 -0.17
1446 -0.005
1398 -0.02375
1586 -0.11875
1642 0.1725
1538 -0.09875
1522 0.0925
1502 -0.0325
1552 -0.09125
1544 0.125
1534 -0.005
1654 -0.2375
1494 -0.09
1524 0.01625
1496 0.2025
1510 -0.01125
1602 -0.02125
1646 0
1528 0.00875
1514 -0.1875
1446 -0.06625
1534 -0.1925
1410 0.06125
1510 0.16875
1518 0.01375
1456 0.0375
1598 0.0725
1496 0.06125
1578 0.04
1604 -0.13625
1384 0.0475
1534 0.05875
1346 -0.02875
1494 0.01375
1466 -0.055
1510 -0.0125
1440 0.05625
1498 -0.2325
1486 0.045
1566 0.06
1414 -0.02875
1622 -0.03375
1706 -0.005
1572 0.035
1592 -0.11375
1648 -0.21625
1502 -0.09
1514 -0.11125
1410 -0.05125
1566 -0.11375
1542 -0.07625
1514 0.075
1530 0.0575
1576 -0.235
1698 -0.07875
1594 -0.1
1668 0.11
1550 0.04375
1588 0.11625
1496 -0.02125
1578 -0.08375
1518 -0.045
1530 -0.1775
1498 -0.1125
1642 0.0775
1478 -0.03375
1668 0.0275
1536 -0.23625
1418 -0.095
1454 0.15
1490 -0.00875
1564 0.11875
1592 0.03125
1496 -0.0575
1422 -0.00125
1648 0.10875
1590 -0.06625
1508 0.17125
1590 0.0625
1440 0.02
1548 -0.11125
1554 -0.15875
1550 -0.07
1490 -0.08625
1498 -0.1875
1514 0.15875
1574 -0.21375
1636 0.21375
1514 -0.0475
1446 0.0375
1502 -0.0525
1578 -0.085
1406 -0.0375
1658 -0.09
1550 -0.00875
1628 -0.10375
1504 -0.15
1444 0.14375
1456 -0.17625
1550 0.0875
1490 -0.05125
1530 0.0225
1542 -0.01875
1610 -0.07125
1546 -0.04375
1544 0.06375
1540 -0.02625
1518 0.04125
1536 0.16375
1574 0.1225
1564 -0.0175
1474 -0.02875
1444 -0.05
1458 0.05875
1462 -0.1575
1472 0.08
1540 0.1775
1622 -0.115
1542 0.005
1532 -0.08625
1696 0.08
1606 -0.155
1532 0.20875
1428 -0.29
1610 -0.1525
1500 0.04375
1450 0.13875
1434 0.03125
1570 -0.12
1670 0.10875
1644 0.295
1476 -0.1475
1570 0.0125
1492 -0.30375
1436 0.08125
1482 -0.12875
1422 0.17625
1696 -0.1775
1502 0.08
1418 -0.0425
1486 -0.0975
1614 -0.235
1576 0.0775
1478 -0.1475
1558 -0.04875
1464 -0.04875
1546 0.03
1510 -0.22625
1664 -0.22125
1558 -0.13125
