680 -0.045
1604 0
1566 0.0125
1476 -0.0075
1572 -0.205
1482 0.23
1506 0.2075
1544 0.14
1474 -0.0675
1526 0.1025
1522 -0.02
1612 -0.13875
1432 0.055
1466 -0.08875
1394 -0.12625
1526 -0.14875
1412 0.08375
1566 0.06125
1484 -0.0875
1486 -0.185
1526 0.1375
1514 0.0075
1534 0
1506 -0.21
1574 0.00375
1708 0.04
1518 -0.02125
1620 0.15125
1566 -0.03
1320 0.08875
1606 -0.18125
1426 0.04875
1530 -0.10625
1550 -0.18
1522 -0.0275
1502 0.06375
1490 0.00125
1414 0.0775
1530 -0.0975
1498 -0.06
1622 -0.0875
1476 0.0025
1416 0.00125
1462 -0.09625
1546 0.0975
1610 -0.04125
1436 0.03875
1624 0.02
1506 -0.11625
1452 -0.09875
1476 0.28
1510 -0.0875
1422 -0.03875
1370 0.02625
1614 0.23125
1600 -0.005
1458 -0.06625
1590 -0.0625
1488 -0.08125
1444 -0.03125
1550 -0.24875
1482 -0.005
1472 0.1
1566 0.03375
1436 -0.07375
1382 0.01875
1470 0.00625
1624 -0.1675
1550 0.00125
1434 -0.11125
1386 -0.01
1646 -0.14
1686 -0.025
1488 0.02875
1478 -0.05875
1308 0.08875
1530 -0.1775
1540 -0.0675
1500 -0.0225
1550 -0.11375
1584 0.02375
1522 -0.1175
1616 -0.0725
1328 0.20375
1498 0.07125
1734 0.18
1602 -0.0175
1546 -0.05125
1514 -0.14625
1582 -0.13
1582 -0.155
1634 -0.09125
1486 -0.12125
1614 -0.08375
1490 0.12875
1466 -0.06625
1598 0.25125
1562 -0.21125
1394 -0.01375
1512 -0.2175
1528 0.105
1578 -0.095
1590 0.0875
1514 -0.2025
1550 0.10625
1360 -0.1125
1386 0.025
1588 -0.2225
1554 -0.0475
1386 -0.0625
1598 -0.01125
1426 -0.0025
1618 0.0775
1528 0.21375
1534 -0.01125
1448 -0.1225
1492 0.06375
1560 0.1675
1548 -0.17875
1542 -0.02
1570 0.07625
1370 -0.0775
1420 -0.04625
1406 0.1125
1500 0.02
1506 0.04625
1534 -0.0275
1590 0.00625
1582 -0.03875
1576 0.015
1604 -0.02125
1470 0.03
1478 -0.14625
1598 -0.09125
1334 0.145
1526 -0.09875
1532 0.11
1450 0.14125
1490 -0.0275
1522 -0.11375
1526 0.245
1546 -0.0175
1530 0.17375
1500 -0.04375
1624 0.11625
1546 -0.115
1518 -0.13
1506 0.03375
1602 -0.18375
1506 -0.0125
1430 0.02875
1408 -0.0525
1540 -0.17625
1456 -0.12125
1498 0.0025
1568 0.06625
1520 -0.07875
1532 0
1468 0.05875
1470 -0.0075
1576 0.10875
1604 0.08
1562 -0.0625
1290 -0.02
1574 -0.05375
1572 -0.0825
1436 0.09
1678 -0.13875
1490 -0.16
1518 -0.0475
1380 0.06375
1600 -0.05
1352 0.02375
1576 0.03125
1470 0.09
1394 0.07125
1638 0.01125
1432 -0.04125
1578 0.11
1496 -0.16625
1522 -0.10125
1520 -0.08
1246 -0.09125
1534 -0.1275
1468 0.005
1446 -0.175
1476 0.1225
1608 -0.015
1666 0.3375
1494 0.09625
1540 0.13375
1514 0.02375
1468 -0.09125
1466 0.0725
1410 -0.1125
1550 -0.0175
1492 0.05875
1526 0.04625
1526 0.0075
1562 -0.215
