706 -0.01625
1396 -0.07125
1506 0.04875
1472 -0.20125
1550 0.09375
1684 -0.1325
1506 0.0575
1496 0.065
1620 0.0375
1522 -0.1225
1412 -0.0225
1550 -0.10125
1486 0.155
1594 -0.20375
1582 0.07875
1526 -0.09125
1532 0.03125
1450 -0.03875
1542 0.065
1602 -0.1025
1352 0.05125
1558 -0.22125
1414 -0.025
1514 -0.035
1590 -0.04
1448 -0.105
1498 0.22875
1606 -0.06125
1626 -0.19125
1526 -0.13375
1474 0.12875
1472 -0.02
1586 -0.0925
1370 0.105
1444 0.1025
1494 -0.02125
1502 0.08625
1418 -0.2025
1524 -0.0175
1510 0.06625
1610 0.12
1504 0.09125
1506 -0.045
1496 -0.06
1424 0.07
1478 0.06625
1384 -0.03875
1552 -0.0275
1554 0.04375
1454 -0.12
1526 -0.01375
1546 -0.08375
1558 0.06375
1558 -0.1775
1592 0.1825
1528 -0.2175
1540 0.12625
1622 0.26125
1590 0.085
1610 0.10875
1454 -0.1
1514 0.0175
1496 0.00875
1492 -0.15
1478 0.14875
1510 -0.12625
1562 -0.07625
1634 -0.2325
1484 0.0575
1512 0.1175
1432 0.01625
1514 -0.08
1514 0.05625
1494 -0.32375
1658 0.00125
1410 -0.06375
1352 0.17875
1544 0.03375
1474 0.015
1542 0.205
1422 0.04
1590 0.15625
1572 -0.1725
1412 -0.06625
1582 -0.1925
1394 -0.16875
1460 -0.0625
1428 -0.05625
1500 -0.10125
1374 0.1575
1400 0.01875
1626 -0.3
1574 -0.06625
1582 -0.105
1618 -0.1125
1402 0.13125
1458 -0.085
1590 -0.05
1554 0.0525
1524 -0.03625
1558 -0.155
1470 -0.1475
1558 0.11375
1662 -0.07
1548 -0.1225
1504 0.00625
1602 0.13375
1514 -0.07625
1366 0.13625
1534 0.07125
1464 0.03125
1624 -0.0225
1434 -0.1275
1362 -0.0125
1558 -0.02625
1580 -0.07625
1478 -0.18875
1558 -0.05125
1350 -0.0675
1502 0.01
1486 -0.21625
1458 -0.03875
1534 -0.07
1614 -0.10375
1522 0.2375
1378 0.0275
1524 -0.03
1400 -0.0125
1632 0.18
1498 0.1525
1362 -0.01625
1506 -0.00625
1572 0.0125
1454 -0.0475
1518 0.0225
1504 0.0575
1446 -0.03
1506 0.1075
1556 0.15125
1476 0.08875
1482 0.08625
1458 -0.10625
1544 -0.07375
1470 -0.0425
1562 0.18
1462 -0.0975
1614 -0.06875
1454 0.05125
1446 0.10625
1390 0.1725
1506 -0.1575
1400 0.02625
1634 0.02625
1528 0.075
1610 -0.14625
1582 0.17125
1494 -0.035
1446 0.02
1542 -0.115
1498 -0.11125
1470 -0.0775
1514 0.06875
1546 -0.23125
1586 -0.21
1514 0.0925
1538 -0.16375
1464 0.07375
1702 -0.07375
1410 0.07125
1500 -0.00625
1562 -0.13625
1362 0.0175
1452 0.025
1484 -0.135
1334 0.09875
1478 -0.1875
1370 -0.08375
1358 0.1525
1544 0.145
1602 0.17875
1486 0.17375
1440 -0.06
1420 0.095
1488 -0.05625
1494 0.08375
1472 -0.16875
1578 0.0275
1556 -0.15
1510 -0.1375
1562 0.11625
1498 -0.0525
1546 0.0775
1626 0.28625
1238 0.015
1488 -0.07
1498 0.005
1528 0.02
1612 0.02625
1562 0.145
1526 -0.155
