716 0.1475
1496 -0.0675
1400 -0.125
1508 0.1775
1466 -0.03625
1476 -0.0775
1388 0.01875
1508 0.07
1588 -0.095
1418 0.03125
1416 0.025
1460 -0.0325
1506 -0.02625
1470 0.01375
1438 0.07125
1382 -0.035
1504 -0.1225
1410 -0.1025
1546 -0.1625
1492 0.02125
1278 -0.01625
1490 -0.07
1570 0.11625
1578 -0.2425
1542 -0.06
1438 0.0025
1614 0.0225
1388 0.12
1472 0.03625
1430 0.1125
1286 -0.05
1618 -0.02
1510 -0.09625
1416 0.11
1530 -0.2025
1470 -0.08375
1430 0.1475
1544 0.0225
1394 -0.15125
1598 -0.19625
1578 -0.00625
1518 0.11375
1494 -0.0075
1496 0.0275
1468 -0.05625
1472 -0.10625
1590 -0.0625
1504 0.015
1574 0.07625
1520 0.10875
1362 -0.1325
1466 -0.13875
1612 -0.07625
1526 0.085
1450 0.02625
1434 0.0475
1480 -0.16375
1490 0.1825
1468 -0.06875
1406 -0.09125
1498 0.135
1512 0.04125
1516 -0.0525
1530 -0.14375
1502 0.00125
1504 -0.07875
1402 -0.04
1518 -0.135
1518 -0.06625
1536 0.2075
1466 -0.12625
1550 -0.1875
1570 -0.11125
1562 -0.045
1614 -0.15
1502 -0.01625
1654 0.08375
1354 -0.24875
1550 -0.17625
1534 0.06125
1518 0.0275
1620 0.07875
1514 0.01
1426 0.045
1676 0.1275
1608 -0.03
1342 0.11
1594 0.09
1474 0.03125
1480 -0.105
1518 0.0125
1454 -0.01375
1456 -0.1525
1440 0.10375
1406 -0.02875
1540 0.11
1520 -0.11
1454 -0.03625
1474 0.04625
1598 0.01125
1554 0.07625
1358 0.06375
1540 0.07375
1612 -0.02
1434 0.005
1644 0.13625
1522 -0.08375
1690 -0.1075
1622 -0.145
1320 -0.09625
1450 -0.18625
1378 0.02625
1478 0.035
1562 0.06
1554 -0.1375
1464 0.185
1380 -0.1825
1368 -0.0775
1518 -0.19625
1502 -0.05375
1550 0.135
1468 0.08
1416 0.03125
1478 -0.0875
1590 -0.05875
1528 0.07875
1686 0.16625
1432 0.05125
1520 -0.09875
1650 0.13375
1478 0.18625
1538 0.0375
1436 -0.02875
1458 -0.01
1512 0.07
1562 0.03
1548 -0.0075
1410 -0.11875
1512 -0.19375
1622 -0.1625
1576 0.12875
1354 -0.1175
1544 0.0975
1550 -0.1825
1326 0.0975
1598 -0.18125
1500 0.16
1578 -0.135
1386 0.0575
1554 0.05
1432 -0.09875
1562 0.2025
1434 0.08625
1536 -0.04125
1666 0.0775
1422 0.12125
1374 -0.03875
1432 0.08125
1508 0.1
1570 -0.03125
1484 -0.06125
1430 0.1675
1556 -0.1825
1638 -0.0025
1352 0.15625
1382 0.11625
1574 0.06625
1314 -0.065
1480 0.1775
1476 -0.05375
1368 0.12875
1526 -0.16375
1430 -0.245
1576 0.04
1522 -0.0625
1432 -0.17
1566 0.225
1328 0.0375
1470 -0.0525
1586 0.19875
1556 0.04125
1466 -0.0575
1462 0.13
1508 0.04875
1512 -0.02125
1438 -0.00875
1374 0.06
1500 0.06
1334 -0.10625
1438 0.0625
1546 0.11
1562 0.10875
1346 0.00375
1582 0.00125
1640 -0.04375
1636 -0.055
1456 0.03875
1618 0.025
1580 0.13875
1486 0.0125
