642 -0.07
1368 -0.07875
1386 -0.0575
1506 -0.02125
1526 -0.10375
1418 0.045
1336 -0.02625
1456 0.11125
1554 -0.12375
1506 -0.08625
1606 0.0025
1466 -0.11125
1414 0.07625
1618 -0.105
1648 -0.00625
1438 -0.17625
1434 -0.06375
1618 -0.1175
1562 -0.2275
1438 0.07875
1494 0
1460 -0.10625
1426 0.0075
1524 0.18375
1526 -0.00125
1618 0.06625
1540 -0.03125
1302 0.015
1542 0.0375
1444 0.06
1428 -0.1325
1558 -0.095
1470 0.0225
1434 0.0325
1484 0.03875
1602 -0.14
1474 -0.0775
1462 0.2825
1562 0.08875
1368 0.16375
1542 0.10875
1484 -0.00125
1654 -0.05375
1452 0.0375
1498 -0.155
1472 -0.065
1486 0.13875
1466 0.13625
1534 -0.045
1554 -0.11375
1448 0.15
1522 0.025
1422 -0.06375
1518 -0.015
1450 0.18125
1578 0.22125
1470 0.13375
1502 -0.06125
1522 0.0925
1536 0.04
1434 0.0775
1494 -0.01
1438 -0.0275
1636 0.23125
1482 -0.10125
1330 -0.0425
1408 0.00375
1400 -0.075
1470 0.0825
1472 0.1725
1520 -0.06875
1620 0.13125
1488 -0.2475
1486 -0.06375
1430 0.21375
1494 -0.05125
1276 0.00625
1496 -0.2225
1542 0.14125
1534 -0.04125
1604 -0.095
1614 -0.1575
1530 0.03375
1518 0.06
1522 -0.0125
1598 -0.115
1350 -0.12875
1460 0.17125
1452 0.0725
1446 0.0225
1422 -0.03375
1496 -0.1225
1446 -0.1175
1470 0.10625
1342 -0.15375
1542 -0.01375
1430 0.1225
1482 0.19875
1434 0.05
1390 0.0675
1406 0.00625
1630 0.04375
1422 -0.125
1438 -0.04875
1538 -0.28875
1430 0.13375
1534 0.095
1538 0.00625
1724 -0.085
1562 0.03
1476 -0.1425
1524 -0.15625
1562 -0.17
1562 -0.06375
1496 0.1775
1638 -0.015
1602 0.11
1490 0.02875
1514 0.03
1456 0.0575
1496 0.085
1582 -0.10375
1400 0.03625
1564 0.14
1326 0.0925
1646 0.16125
1566 -0.06125
1490 -0.07625
1342 0.01125
1478 0.07375
1498 -0.08125
1386 -0.0025
1546 -0.0475
1486 -0.04625
1494 -0.0325
1468 0.04375
1332 0.16125
1466 -0.15875
1424 0.1125
1558 0.0275
1390 -0.03375
1454 -0.1075
1404 -0.12375
1574 0.1
1486 -0.0225
1334 0.0225
1614 0.13125
1562 -0.35375
1424 -0.00375
1506 -0.04375
1414 0.095
1490 0.18625
1512 -0.13
1336 0.04875
1446 -0.005
1456 0.02875
1470 0.00375
1330 -0.04375
1464 -0.0675
1442 0.0575
1620 0.1075
1546 0.23875
1602 0.04125
1586 0.32125
1492 0.145
1406 0.12
1542 -0.0275
1364 0.0625
1304 0.055
1458 -0.025
1486 0.01
1568 0.005
1432 0.10875
1396 -0.02125
1624 -0.04375
1450 -0.24875
1512 -0.0325
1618 0.15125
1482 0.1475
1442 0.1175
1434 -0.06375
1472 0.04375
1640 0.12
1410 0.05875
1510 0.155
1442 -0.0975
1374 -0.095
1430 -0.09875
1550 -0.05375
1434 0.06125
1380 0.11375
1430 0.04125
1510 0.03625
1414 -0.11625
1394 0.13375
1526 0.11875
1578 -0.05375
1620 -0.1
1470 0.04375
1346 0.18875
