776 -0.11625
1574 -0.0475
1374 -0.02625
1566 -0.00125
1470 0.11875
1614 -0.05875
1386 -0.0625
1578 -0.1525
1398 0.075
1520 -0.0725
1484 -0.13125
1442 -0.1
1506 -0.05875
1464 -0.0025
1430 0.21375
1706 -0.125
1448 0.02875
1502 -0.07125
1450 -0.06875
1562 -0.00125
1352 -0.02625
1424 0.22
1592 0.04
1358 0.05125
1440 -0.06125
1544 -0.145
1336 -0.1875
1528 0.02875
1430 0.11625
1364 -0.0225
1594 -0.08
1486 -0.01875
1362 0.0675
1590 -0.1675
1350 0.185
1522 0.0375
1418 0.11
1402 -0.12625
1388 -0.045
1584 0.075
1484 0.15375
1452 -0.115
1478 -0.11625
1482 0.075
1384 -0.0375
1522 -0.09625
1516 -0.085
1526 -0.18625
1386 0.01625
1552 0.14
1472 0.1175
1318 0.0175
1434 -0.09375
1306 0.09
1472 -0.08
1362 -0.1675
1536 -0.05625
1594 -0.085
1522 -0.03625
1490 -0.00125
1590 0.05375
1290 0.07875
1556 0.07625
1610 0.07
1446 -0.1125
1618 -0.15125
1480 0.00375
1366 -0.03125
1394 0.065
1598 -0.09875
1482 -0.0475
1514 0.01875
1430 0.115
1558 -0.1375
1410 0.03875
1374 -0.16875
1394 -0.0225
1290 -0.10375
1430 0.065
1642 0.09875
1412 0.02625
1754 -0.05625
1484 0.2525
1390 0.06125
1482 -0.045
1424 -0.0225
1390 -0.08625
1594 -0.095
1372 -0.035
1390 0.13125
1400 0.12375
1530 0.155
1512 0.08125
1396 -0.0875
1436 -0.01
1470 -0.0225
1586 0.26125
1486 -0.0625
1474 -0.07375
1490 -0.11625
1592 0.07375
1426 0.03625
1574 0.00125
1542 -0.105
1410 -0.0625
1406 0.00875
1454 0.045
1358 0.03125
1428 0.07875
1462 -0.11375
1368 -0.0375
1418 -0.04
1422 0.00875
1490 -0.07625
1482 -0.10375
1434 -0.0625
1464 0.07125
1474 0.1925
1758 -0.27375
1632 -0.05375
1642 0.105
1508 0.175
1428 -0.1025
1474 -0.1425
1418 -0.07125
1488 0.115
1348 0.23375
1608 -0.10625
1528 -0.13125
1486 -0.06375
1460 0.1025
1710 -0.03375
1448 -0.17375
1532 0.03875
1550 0.09875
1450 -0.06375
1498 -0.055
1472 -0.06375
1452 -0.025
1522 -0.0475
1440 0.09625
1498 0.07375
1482 0.02125
1534 0.0825
1420 0.04875
1458 0.2375
1500 0.00875
1466 0.23
1566 -0.06625
1672 -0.025
1458 -0.035
1430 -0.065
1622 -0.0275
1538 -0.0475
1488 -0.03375
1502 0.16125
1536 -0.1225
1474 0.15375
1346 -0.06
1514 -0.07
1476 -0.02
1414 0.00375
1482 -0.0225
1494 -0.05625
1338 0.0225
1422 -0.02125
1578 -0.235
1498 0.085
1378 -0.09375
1402 -0.1025
1558 0.01125
1468 0.05375
1588 -0.0925
1438 0.02625
1466 -0.07625
1478 0.10125
1390 0.04
1622 0.0475
1542 0.0075
1386 0.075
1406 -0.10125
1292 0.19
1674 -0.21
1608 0.065
1390 -0.065
1462 0.03375
1432 0.06625
1670 -0.07375
1744 -0.125
1408 0.01
1488 0.08125
1450 0.04125
1438 0.15625
1336 0.05
1454 -0.0475
1578 0.10625
1606 0.1375
1626 0.1675
1440 -0.05125
1390 -0.05625
