804 0.01875
1388 0.04875
1392 0.1525
1270 0.03875
1394 0.055
1340 0.155
1504 -0.1175
1468 0.1275
1532 -0.005
1590 0.30375
1462 -0.2
1386 -0.0475
1602 -0.03625
1474 -0.04875
1424 0.1325
1670 0.16125
1542 0.00875
1434 0.03125
1464 0.07875
1486 0.00125
1432 0.22125
1426 0.04875
1458 0.02875
1478 0.25
1450 0.07875
1446 0.0225
1462 -0.25375
1418 0.04625
1276 0.07375
1356 0.03625
1534 -0.005
1338 -0.03
1368 -0.04875
1364 -0.0225
1558 -0.2275
1398 -0.07
1394 -0.1275
1446 0.045
1386 -0.0825
1288 0.015
1412 0.035
1452 -0.11125
1544 -0.075
1502 -0.075
1410 -0.0425
1508 0.1675
1414 0.1125
1518 0.0675
1492 0.06875
1446 -0.19625
1370 -0.0075
1520 0.045
1586 -0.13875
1574 0.2575
1536 -0.2025
1382 0.04875
1400 -0.01875
1514 0.0825
1386 -0.105
1468 -0.09125
1454 -0.02625
1358 0.06375
1414 0.1925
1474 0.03
1426 0.1125
1416 0.12125
1446 0.19375
1360 0.14625
1276 -0.04375
1306 -0.13
1602 -0.08
1406 0.12
1454 -0.06375
1476 -0.08125
1352 -0.035
1506 0.1525
1340 0.12375
1396 -0.03625
1494 -0.12
1442 -0.1425
1514 0.0225
1600 -0.0225
1558 -0.0225
1526 0.1175
1382 0.025
1490 0.0475
1418 0.1375
1526 0.07375
1468 -0.055
1414 -0.00625
1498 -0.09375
1396 -0.07625
1490 -0.12875
1392 0.0425
1466 -0.12375
1314 0.0425
1426 0.0075
1602 -0.005
1474 0.10875
1406 0.0525
1524 -0.08125
1434 -0.13625
1468 0.09875
1496 -0.065
1458 -0.08
1466 0.0275
1526 -0.01125
1382 -0.015
1458 0.12625
1378 0.0175
1506 0.06
1358 0.09
1378 -0.07875
1388 0.0175
1386 -0.1225
1450 0.0525
1538 -0.01
1498 -0.06375
1422 0.04
1394 0.01875
1580 0.15375
1480 -0.07875
1438 -0.005
1318 0.05625
1378 0.19
1492 0.01875
1336 -0.06625
1346 -0.17375
1382 -0.05
1590 -0.14875
1364 -0.105
1450 0.17625
1484 0.0325
1368 -0.0175
1452 -0.145
1364 -0.08
1372 -0.105
1558 -0.0775
1386 -0.2275
1406 -0.0425
1366 0.045
1638 -0.2275
1404 -0.01375
1406 0.215
1534 0.06625
1506 0.0225
1330 0.04
1408 -0.1425
1304 -0.0725
1338 -0.00875
1528 0.02375
1490 0.08125
1516 0.14125
1610 -0.16875
1576 -0.34875
1426 0.13875
1382 -0.10125
1452 0.08125
1484 0.00375
1392 0.11
1422 -0.01625
1358 -0.065
1460 0.1475
1398 0.20375
1350 -0.075
1462 -0.0375
1398 -0.04625
1444 0.02375
1366 -0.07
1512 -0.0925
1310 0.01875
1634 0.07125
1630 -0.09375
1550 -0.135
1526 -0.23
1372 0.11125
1672 -0.2775
1484 -0.10125
1556 -0.00125
1378 -0.11375
1494 -0.16125
1522 -0.085
1470 -0.0125
1524 -0.0675
1412 0.14375
1412 -0.0925
1518 -0.0325
1606 -0.165
1426 -0.05625
1364 -0.0175
1520 0.15625
1498 -0.1075
1540 -0.1
1526 -0.04125
1340 -0.15875
1318 -0.07625
1358 0.07
1330 0.12625
1454 0.03125
1474 -0.08625
