794 0.1375
1454 -0.1375
1536 -0.185
1506 0.00125
1368 0.05625
1592 -0.06625
1570 0.2475
1386 -0.125
1436 -0.16125
1324 -0.1575
1464 0.0575
1450 -0.03125
1428 -0.0025
1490 0.00875
1370 -0.16
1474 -0.1525
1444 -0.08125
1396 0.005
1432 -0.0675
1470 0.11875
1454 -0.08125
1458 -0.00875
1520 0.19125
1396 -0.05625
1300 0.05875
1346 -0.08
1460 0.0925
1376 0.0175
1348 -0.0475
1316 0.00125
1518 0.2575
1294 -0.11
1552 -0.0475
1262 0.03125
1570 0.015
1436 -0.0275
1382 -0.00875
1526 0.0725
1438 -0.135
1440 0.07125
1500 -0.245
1542 -0.10125
1506 -0.01
1542 0.26625
1374 -0.105
1412 0.11875
1510 -0.0125
1338 0.105
1354 0.13625
1482 0.0525
1466 -0.11
1368 -0.0075
1442 -0.10125
1446 -0.12875
1222 -0.06125
1390 0.08375
1478 0.11375
1402 0.14625
1408 0.12125
1570 0.0675
1390 0.015
1454 -0.045
1458 -0.09375
1498 -0.1275
1610 -0.2425
1542 0.09375
1406 -0.07375
1498 0.11875
1474 0.1775
1420 0.19625
1450 -0.06625
1382 -0.06
1556 -0.09875
1454 -0.05125
1434 -0.17875
1402 0.0225
1578 -0.08625
1482 0.11125
1622 0.2175
1342 -0.00125
1492 -0.045
1454 -0.0175
1404 0.02625
1442 0.05125
1390 0.06
1398 -0.0725
1392 -0.165
1474 -0.00375
1406 -0.26375
1478 0.15875
1376 0.12875
1390 0.06125
1536 0.02875
1502 -0.05875
1528 -0.015
1600 0.08875
1456 -0.07875
1442 -0.0075
1450 -0.04625
1466 -0.0575
1378 -0.09125
1462 -0.09125
1602 0.0125
1408 -0.06125
1426 0.06875
1596 -0.0625
1522 0.19375
1494 0.02375
1566 0.05
1494 0.19125
1406 -0.045
1486 0.06625
1426 -0.1775
1334 0.1225
1434 0.045
1402 0.12125
1600 -0.18
1342 0.02625
1490 0.15125
1484 -0.02625
1466 0.05625
1402 -0.08875
1394 0.05
1590 -0.0075
1370 0.11625
1490 0.02625
1328 0.03625
1504 0.24
1420 -0.03
1450 -0.0675
1302 -0.07875
1364 0.16
1312 0.11
1428 0.0625
1374 0.0475
1354 -0.045
1436 -0.0375
1540 -0.02
1456 0.1975
1560 -0.175
1314 0.185
1464 0.00625
1484 0.075
1470 -0.0575
1586 -0.2025
1522 0.10875
1458 0.0625
1416 -0.1225
1530 -0.205
1378 -0.0875
1486 -0.01125
1486 0.12625
1386 0.0925
1530 0.12375
1480 -0.01875
1318 0.0225
1478 0.0475
1376 0.04
1380 -0.00375
1378 0.0775
1408 -0.04125
1558 -0.135
1388 -0.1375
1456 0.05625
1488 0.015
1362 0.04125
1470 0.005
1454 -0.14625
1490 0.0175
1478 -0.0575
1692 -0.0425
1538 -0.08
1378 0.035
1546 -0.12875
1560 0.05125
1218 -0.115
1642 0.13875
1454 0.06375
1518 -0.08125
1574 -0.04125
1404 -0.05625
1534 0.035
1388 -0.04875
1438 -0.01125
1312 0.07625
1472 -0.07875
1422 -0.0825
1428 -0.16625
1386 0.0775
1394 0.0125
1490 0.02625
1314 -0.065
1496 0.03875
1446 0.0175
1460 0.055
1448 0.19125
1368 0.01
1562 0.065
1532 0.14375
1358 -0.035
