754 -0.01125
1538 0.015
1418 0.01625
1438 -0.0625
1580 0.02375
1424 0
1498 0.01875
1554 0.0625
1440 -0.00875
1390 0.19625
1574 -0.0025
1436 0.0175
1470 -0.15
1354 0.02
1510 -0.01125
1510 0.015
1390 -0.09
1394 0.07375
1574 -0.21375
1374 -0.06
1460 0.02
1294 -0.09375
1418 -0.0825
1420 -0.07375
1538 0.265
1384 -0.08875
1364 0.03875
1550 0.17125
1508 -0.01125
1414 0.005
1486 -0.05875
1450 0.0825
1458 0.0925
1570 0.03625
1390 -0.01375
1364 -0.0375
1428 0.17
1474 0.01875
1530 -0.0675
1390 -0.10625
1408 0.01375
1398 0.00875
1468 -0.07625
1518 0.02625
1428 -0.095
1518 -0.135
1514 0.0575
1502 -0.125
1384 -0.00875
1504 -0.03375
1500 -0.12875
1550 0.02875
1514 0.07
1380 -0.06625
1486 -0.08625
1298 -0.0875
1410 0.0225
1458 0.06625
1366 -0.02625
1322 -0.0725
1466 -0.09
1422 0.0975
1494 -0.2225
1414 -0.06625
1428 0.04625
1406 0.0975
1444 -0.0575
1710 -0.1025
1518 0.05625
1344 0.04
1486 -0.07375
1394 0.07375
1550 -0.17375
1348 -0.03625
1370 -0.115
1322 -0.06375
1492 0.075
1402 -0.1625
1482 0.05375
1486 -0.05875
1498 -0.03875
1522 -0.01
1434 0.03375
1620 -0.1975
1428 -0.04625
1340 0.1175
1414 -0.12
1414 -0.11625
1330 0.04375
1500 -0.13625
1482 0.07
1202 -0.0375
1424 -0.1725
1478 -0.0025
1450 0.0875
1528 0.09375
1532 -0.12875
1446 -0.01125
1346 0.045
1474 -0.01125
1444 -0.055
1436 0.165
1478 0.01
1576 0.01375
1480 0.035
1390 0.03375
1444 0.00625
1426 0.03375
1582 -0.07125
1528 0.065
1418 0.1475
1540 0.09375
1430 -0.05875
1326 -0.1475
1508 -0.07375
1574 0.0525
1506 -0.01375
1490 -0.0625
1374 -0.105
1334 0.0225
1410 0.1025
1448 0.01125
1366 0.10125
1418 -0.105
1510 -0.085
1610 -0.16375
1410 -0.04375
1564 -0.0375
1314 0.1075
1464 0.08625
1482 -0.0925
1438 -0.13875
1346 0.13
1438 -0.05375
1458 0.17875
1396 -0.03
1446 -0.02625
1526 0.0125
1310 -0.20875
1482 -0.0175
1422 0.0125
1374 -0.025
1534 0.075
1468 -0.28
1530 0.065
1482 0.005
1544 -0.17625
1284 -0.025
1510 0.08
1498 -0.20375
1406 0.115
1476 0.09375
1400 0.0125
1448 -0.03875
1326 -0.0475
1382 -0.12
1446 0.0275
1450 0.1
1374 0.0125
1374 0.0525
1526 0.0275
1406 -0.07875
1370 -0.07125
1386 0.03875
1396 -0.075
1548 0.01625
1462 0.055
1490 -0.0375
1648 -0.09375
1416 -0.0675
1314 0
1490 -0.08625
1544 0.055
1422 -0.02875
1438 -0.16375
1430 -0.18
1486 0.0325
1428 0.0275
1462 0.13375
1518 -0.0375
1610 0.08625
1464 -0.09375
1550 0
1424 0.02875
1452 0.05
1474 -0.05125
1436 0.07625
1262 -0.0625
1304 0.125
1566 -0.02
1456 -0.07
1586 0.11375
1448 -0.08375
1448 -0.24625
1380 -0.0175
1338 -0.025
1204 -0.04
1380 0.08375
1490 -0.23875
1416 0.00625
