720 -0.07375
1416 0.12
1378 -0.00875
1342 -0.03375
1400 -0.1475
1386 0.0175
1480 -0.05
1446 -0.03125
1496 -0.04
1502 -0.01625
1364 -0.13
1472 -0.17125
1514 -0.05875
1432 0.02375
1316 0.05875
1592 -0.2575
1498 -0.24
1510 0.1
1442 0.0975
1402 -0.06375
1468 -0.04125
1386 -0.01875
1496 0.04625
1494 0.1175
1390 -0.1875
1424 -0.26875
1370 0.175
1462 -0.13
1400 -0.05625
1362 0.0225
1428 0.0075
1574 0.1
1634 -0.0025
1490 -0.06875
1680 0.28875
1622 -0.15875
1590 0.15375
1456 -0.06375
1476 0.07375
1498 -0.02375
1426 0.16625
1464 0.105
1442 -0.05375
1344 0.04875
1478 0.20625
1342 0.15875
1474 0.0725
1452 -0.04125
1438 -0.02625
1452 0.0525
1454 0.105
1410 0.01375
1610 -0.055
1506 0.15
1396 0.145
1630 -0.0175
1390 -0.035
1386 -0.005
1362 -0.00625
1328 0.04625
1426 -0.13125
1224 -0.02875
1458 0.14375
1494 0.2825
1458 -0.14625
1452 -0.0325
1412 0.1025
1506 -0.02
1468 -0.03625
1522 -0.13375
1334 -0.07375
1544 -0.06375
1452 -0.115
1446 -0.12375
1494 -0.0075
1502 0.0975
1618 -0.1175
1432 0.1175
1594 0.11875
1496 -0.23125
1462 0.04875
1734 -0.2625
1354 0.03625
1446 0.0825
1302 -0.06
1428 0.0375
1452 -0.07375
1418 -0.06
1518 -0.0925
1400 -0.02
1398 0.11625
1446 0.0175
1514 -0.05375
1498 0.08625
1344 0.04375
1390 -0.025
1348 -0.10125
1530 0.06125
1490 -0.04
1430 -0.19125
1448 -0.03
1256 0.0475
1334 -0.06375
1366 -0.1975
1262 0.055
1466 0.125
1454 0.00125
1376 -0.01875
1588 -0.06375
1434 -0.00375
1290 -0.01875
1674 0.08375
1466 0.0975
1326 -0.02375
1536 0.07125
1594 -0.06125
1484 0.09125
1424 -0.03375
1376 0.0075
1304 -0.04875
1612 -0.09625
1534 -0.0775
1316 -0.075
1362 0.00625
1428 -0.0075
1458 0.0875
1426 -0.2125
1480 -0.1225
1396 0.07625
1430 -0.0325
1410 0.03375
1450 0.035
1490 0.01125
1478 -0.06875
1502 0.08875
1514 -0.0275
1394 0.0125
1536 -0.01125
1332 -0.0525
1448 -0.07125
1484 -0.205
1454 -0.0275
1452 0.19125
1498 -0.12625
1426 -0.02375
1416 -0.1025
1442 -0.1175
1522 -0.05
1526 0.13875
1368 -0.00375
1384 -0.00375
1566 -0.1725
1320 0.1
1510 -0.20625
1408 0.21
1422 0.0875
1342 -0.0075
1398 -0.2525
1462 0.05375
1490 0.00125
1446 -0.04875
1442 -0.0325
1628 0.04875
1498 -0.025
1482 0.1575
1486 0.01875
1600 0.065
1428 -0.04
1502 -0.12875
1482 -0.08375
1382 -0.00125
1348 -0.1
1402 -0.0875
1446 -0.2375
1482 -0.15125
1558 0.31
1420 0.125
1366 -0.0275
1528 -0.14875
1610 -0.20625
1360 -0.20375
1474 0.095
1342 -0.0425
1490 -0.1625
1394 0.01375
1436 0.1025
1390 -0.05875
1576 -0.13875
1420 -0.20625
1512 0.20875
1366 -0.135
1466 -0.01625
1394 -0.07875
1572 0.0675
1416 0.03125
1436 0.0025
1340 -0.00125
1262 0.1
1342 0.195
1488 -0.1225
