614 0.10625
1436 -0.0475
1378 0.0225
1538 0.09125
1350 -0.00875
1394 -0.07625
1366 0.02875
1468 -0.195
1568 -0.00375
1456 -0.02875
1434 -0.1575
1402 0.0025
1486 0.05125
1402 -0.08375
1462 -0.06125
1496 0.10625
1248 -0.0725
1506 0.04375
1486 0.12625
1444 -0.05125
1380 0.02125
1604 0.0275
1462 -0.12875
1426 0.0575
1484 0.10625
1360 0.05875
1582 -0.05125
1484 0.01875
1370 -0.03125
1378 -0.08125
1442 0.185
1486 0.06875
1526 -0.1125
1452 0.16
1416 0.08625
1346 -0.0825
1410 -0.06
1394 -0.18625
1444 0.11375
1470 0.03875
1438 0.01125
1360 -0.005
1394 0.05375
1532 0.2925
1434 -0.02
1500 0.0925
1410 -0.055
1550 0.02
1442 0.0275
1542 0.14125
1434 -0.00125
1382 -0.175
1330 -0.09875
1568 0.07
1478 -0.08125
1322 -0.00125
1478 0.03625
1466 -0.03875
1434 0.17125
1590 -0.21375
1376 -0.1075
1336 -0.08625
1502 -0.03
1606 0.025
1604 -0.13875
1482 -0.025
1454 0.0325
1370 -0.15875
1430 0.18375
1410 -0.07
1368 0.07
1308 0.045
1446 0.12375
1498 0.1025
1410 -0.1225
1638 0.24625
1468 0.05625
1430 -0.0925
1356 0.26375
1268 0.055
1374 0.03375
1452 0.055
1406 0.12125
1390 0.01
1380 -0.1
1390 0.035
1412 0.135
1434 -0.12875
1502 0.16
1412 0.09375
1522 0.165
1480 -0.075
1448 0.02875
1430 0.08125
1474 0.0375
1558 0.02125
1332 -0.0375
1432 -0.06
1394 -0.025
1386 -0.05625
1244 -0.025
1384 0.12
1358 -0.07625
1546 0.16125
1450 0
1338 -0.0325
1574 0.00875
1414 -0.11625
1474 -0.24625
1406 0.02375
1358 0.05125
1398 -0.035
1502 0.0225
1482 0.04375
1364 -0.02
1620 0.04125
1430 -0.05
1504 0.04625
1382 0.12625
1452 -0.00625
1346 -0.05625
1378 0.01
1422 0.08875
1476 -0.01125
1334 0.02625
1498 -0.1075
1364 0.02625
1594 -0.135
1620 0.03375
1418 -0.05625
1430 -0.00375
1542 -0.03375
1274 -0.0825
1362 0.06375
1434 0.09375
1474 -0.0225
1442 -0.00625
1428 -0.06125
1384 -0.01375
1378 0.0025
1366 0.035
1538 -0.05125
1372 0.08875
1274 -0.04625
1452 0.17
1350 -0.01625
1462 0.095
1386 -0.0775
1442 -0.1775
1344 -0.015
1466 0.15875
1402 -0.09375
1526 -0.02625
1384 0.12875
1392 0.05125
1402 -0.03
1414 -0.095
1446 0.04375
1270 0.105
1424 -0.0375
1444 0.11375
1456 0.00875
1372 -0.04
1440 0.04
1556 0.1725
1410 0.05375
1362 -0.185
1456 0.17875
1484 -0.235
1464 0.1975
1276 0.16375
1526 -0.0775
1408 0.18875
1414 0.04625
1360 0.09125
1430 -0.03
1470 0.1975
1492 0.0675
1450 -0.18875
1516 -0.09
1424 -0.0725
1390 -0.095
1428 0.01625
1398 -0.00625
1442 0.20875
1398 -0.13125
1568 0.07125
1304 -0.0875
1450 -0.19
1412 0.025
1474 0.155
1398 0.04
1642 0.19125
1366 -0.0075
1396 -0.1275
1440 0.23
1356 0.02875
1358 -0.0575
1448 -0.05
1420 0.075
