720 0.015
1502 -0.10875
1248 0.01625
1530 0.03875
1444 0.0275
1464 -0.08625
1366 0.0825
1416 -0.1075
1356 -0.13125
1352 0.00375
1464 -0.05
1532 -0.0725
1290 -0.04375
1384 -0.05875
1424 -0.1825
1524 -0.06625
1442 -0.00125
1638 -0.16625
1412 -0.1275
1410 0.02
1450 -0.09
1402 0.175
1498 0.10875
1374 0.1425
1532 0.03375
1474 -0.0975
1542 0.00125
1330 -0.145
1482 -0.00875
1500 -0.0675
1442 -0.0725
1412 0.1575
1342 -0.02375
1422 -0.05125
1478 0.09875
1374 -0.07125
1422 -0.125
1446 -0.03125
1478 0.085
1598 -0.13625
1354 0.035
1438 0.14375
1402 0.1375
1568 -0.11125
1284 -0.11375
1336 0.0325
1454 0.115
1390 -0.00125
1396 -0.15625
1516 -0.025
1398 -0.14
1402 -0.065
1562 0.08625
1418 -0.07625
1394 0.0675
1444 0.14875
1482 -0.2325
1558 0.165
1494 -0.105
1458 -0.005
1538 0.1675
1546 0.0625
1506 -0.06375
1618 -0.11
1318 0.17875
1510 -0.0775
1296 -0.005
1508 0.08875
1434 -0.1475
1374 0.045
1354 -0.03375
1428 -0.04625
1514 0.1625
1590 0.0625
1456 0.11
1386 0.13125
1374 0.03625
1404 0.115
1468 0.0425
1428 -0.135
1484 0.09625
1438 0.00125
1490 0.1075
1548 -0.09375
1248 -0.04375
1342 -0.03625
1566 0.01125
1530 -0.13375
1440 -0.17125
1414 -0.035
1362 0.0775
1514 -0.165
1594 0.125
1594 0.1025
1436 0.05875
1368 -0.085
1384 0.12875
1554 0.11875
1342 -0.02375
1512 -0.05625
1478 0.10125
1280 -0.05375
1314 0.04
1338 0.07375
1424 -0.055
1450 0.00375
1450 0.12625
1360 0.0025
1354 0.06375
1458 -0.035
1318 0.01875
1506 0.06
1530 0.03
1442 0.0875
1460 0.015
1530 -0.115
1478 0.15625
1422 -0.0775
1442 0.0875
1572 0.0875
1402 0.055
1382 0.1175
1366 0.0975
1412 -0.13875
1410 -0.14
1370 0.07625
1366 -0.12
1556 -0.01
1356 0.11375
1308 -0.04625
1400 0.08625
1574 -0.16875
1406 0.06125
1380 0.01125
1406 0.0375
1408 0.21125
1530 -0.10375
1446 -0.0075
1432 0.0775
1446 0.085
1474 0.08
1450 -0.2375
1370 0.13875
1362 -0.08125
1436 -0.0375
1442 -0.00625
1410 -0.15625
1466 0.0175
1386 -0.0325
1352 -0.0425
1344 0.0125
1290 -0.155
1354 -0.02
1448 0.0225
1434 0.00875
1422 -0.11625
1344 -0.09125
1408 -0.0375
1308 -0.11625
1438 0.0625
1266 -0.03625
1462 0.03125
1298 0.025
1436 0.05625
1434 0.0275
1440 -0.04625
1382 -0.02625
1222 -0.12125
1454 -0.305
1410 -0.1325
1446 -0.1775
1386 -0.0175
1530 0.14375
1462 0.15125
1472 0
1384 0.02
1302 -0.0125
1474 0.2425
1330 0.1275
1384 0.02625
1392 -0.0925
1414 0.0675
1444 -0.06625
1392 -0.00375
1424 -0.07375
1518 0.02625
1400 -0.105
1436 -0.075
1442 -0.01875
1332 -0.01375
1530 -0.04375
1326 -0.02125
1532 0.17625
1262 -0.08625
1558 -0.18375
1698 -0.06
1332 0.04375
1356 0.1125
1490 -0.02625
1464 -0.17625
