630 -0.085
1388 -0.1775
1392 0.00375
1368 0.1375
1386 0.0425
1536 -0.02
1358 -0.0325
1530 -0.02875
1350 0.17875
1506 -0.00875
1262 0.1975
1400 0.0375
1396 0.01875
1290 0.025
1418 0.02
1346 -0.1275
1526 0.1425
1286 -0.0225
1266 -0.18125
1334 0.045
1310 0.03625
1330 0.0475
1372 -0.10625
1518 0.06
1486 -0.10625
1440 0.0225
1206 -0.1575
1312 -0.005
1392 0.00625
1426 0.1225
1458 -0.07875
1394 0.0325
1490 -0.00875
1458 -0.08875
1502 0.04625
1414 -0.0875
1462 -0.11
1482 -0.0075
1408 0.06
1522 -0.2475
1394 -0.01875
1482 -0.065
1490 0.09
1356 -0.1275
1494 0.1675
1398 -0.0675
1460 0.1375
1370 -0.0175
1504 0.02875
1354 -0.00625
1566 -0.2625
1458 -0.08625
1318 0.0625
1512 -0.235
1414 0.015
1460 -0.17
1494 -0.1525
1368 -0.03
1442 -0.11625
1434 -0.24125
1486 0.1225
1252 0.0025
1392 0.15875
1506 0.14875
1432 0
1528 -0.1025
1312 -0.08125
1472 -0.16
1372 -0.13
1572 -0.035
1390 -0.0925
1386 0.13375
1448 0.02
1350 -0.1475
1412 -0.0975
1386 -0.0125
1522 0.15125
1542 -0.065
1538 -0.14
1374 -0.0125
1420 -0.17
1394 -0.13125
1474 0.07
1502 0.1325
1330 0.01625
1434 -0.19125
1534 0.09125
1302 0.0225
1376 -0.105
1344 0.03875
1500 0.08625
1626 -0.235
1398 0.06875
1462 0.03
1284 -0.155
1342 -0.09875
1334 -0.11375
1488 0.20625
1382 -0.1375
1416 0.0675
1470 0.005
1432 0.00125
1550 -0.03
1392 0.1025
1402 -0.0275
1410 -0.0275
1498 0.05875
1438 -0.02625
1458 -0.07625
1424 -0.00625
1378 0.13125
1290 -0.07375
1424 -0.025
1304 0.0225
1314 -0.03625
1480 -0.11125
1346 -0.0025
1466 -0.0975
1430 0.065
1426 -0.1025
1310 0.00875
1374 0.1225
1402 -0.1
1314 -0.08625
1414 -0.0125
1384 0.12
1286 0.04125
1470 -0.11
1398 -0.085
1476 0.10125
1600 -0.16125
1376 -0.03
1506 -0.04
1424 0.115
1454 0.15625
1492 0.13
1558 0.01375
1326 0.03375
1396 -0.06375
1436 0.13625
1478 -0.065
1538 0.01125
1480 -0.01375
1386 0.065
1270 -0.1075
1494 -0.1175
1364 0.00375
1372 -0.01375
1422 -0.00875
1290 -0.06875
1418 -0.00875
1330 -0.05
1394 -0.11375
1426 -0.1575
1482 -0.15125
1490 -0.05
1374 0.13875
1338 -0.0225
1408 -0.1575
1398 0.05375
1378 -0.13375
1454 -0.095
1446 -0.12625
1306 -0.015
1330 -0.10625
1278 -0.17
1472 0.0475
1430 0.14625
1510 0.17875
1422 -0.0225
1466 -0.035
1474 -0.01
1422 -0.13625
1372 0.02
1424 0.01
1450 0.1
1384 -0.17125
1440 0.01875
1450 -0.05125
1318 0.0075
1334 -0.00125
1426 -0.15875
1466 -0.10875
1486 0.13125
1454 0.03625
1474 0.03625
1438 -0.16125
1490 -0.11625
1240 -0.09875
1384 -0.03125
1318 0.00125
1414 -0.1525
1538 0.00375
1434 -0.2525
1506 -0.04625
1350 0.05125
1392 0.09375
1552 0.06125
1538 0.04375
1468 -0.08875
