810 0.0025
1502 0.04125
1420 -0.01875
1354 0.01125
1408 0.0825
1464 0.015
1460 0.18875
1452 -0.0025
1366 0.00625
1334 0.085
1290 -0.09625
1410 -0.1225
1470 -0.0825
1414 -0.0775
1572 0.08875
1510 0.13875
1362 0.1125
1326 -0.025
1258 -0.04125
1474 0.1225
1304 -0.055
1490 -0.05
1452 -0.00625
1382 -0.0475
1434 0.015
1350 0.025
1302 0.1425
1474 -0.04
1360 -0.06125
1402 0.0775
1422 -0.03375
1408 0.0125
1386 0.01125
1478 -0.0575
1342 0.03
1458 -0.05
1542 0.04
1354 0.14
1368 0.0125
1312 -0.025
1326 0.1275
1450 0.06375
1394 -0.13375
1388 -0.03
1438 -0.04
1328 -0.0275
1566 -0.205
1382 0.1375
1294 -0.00125
1546 -0.00125
1306 -0.0775
1416 -0.17875
1488 -0.16625
1384 0.1625
1438 0.00125
1460 0.245
1438 -0.02875
1452 0.0125
1302 0.0475
1406 -0.005
1354 0.14375
1370 -0.12125
1472 -0.03375
1486 -0.1725
1502 0.00625
1388 0.08375
1330 0.0175
1466 -0.17
1550 0.06375
1470 0.1875
1392 -0.175
1320 -0.1125
1466 -0.02625
1268 -0.05625
1430 0.01125
1274 -0.05
1378 -0.02625
1448 0
1448 -0.035
1420 0.10875
1458 -0.0325
1360 0.055
1340 -0.06625
1470 -0.21375
1264 0.005
1376 -0.07875
1390 -0.125
1520 -0.26125
1374 -0.0475
1330 0.08
1316 -0.10875
1366 0.085
1454 -0.06625
1422 0.1075
1400 -0.14
1376 0.1025
1336 -0.1025
1438 -0.0175
1356 0.08875
1474 0.16
1410 -0.00875
1406 0.02875
1332 -0.0225
1450 -0.03875
1350 0.005
1542 -0.06625
1442 -0.1
1472 -0.0425
1468 0.1025
1400 0.11375
1458 0.1275
1638 -0.13625
1578 -0.04625
1356 -0.02625
1402 0.11375
1358 -0.04875
1516 -0.13625
1350 0.04625
1296 -0.10125
1486 0.0525
1478 -0.1375
1438 0.16375
1466 -0.065
1462 0.00125
1336 0.0925
1424 -0.11125
1354 0.0525
1480 0.01625
1460 0.045
1398 -0.03375
1448 -0.11375
1404 0.0425
1498 -0.08875
1306 -0.0275
1356 -0.11
1374 0.09625
1438 -0.03375
1422 0.02875
1376 -0.02625
1350 0.0175
1358 0.06
1414 0.01625
1398 0.22125
1390 0.09875
1536 0.0925
1242 -0.145
1350 0.05125
1450 -0.025
1398 0.01125
1330 0.0275
1462 -0.07625
1600 0.0225
1382 0.04875
1322 0.0225
1540 -0.0875
1366 -0.06125
1316 -0.025
1416 0.045
1484 0.07125
1334 -0.105
1440 -0.0025
1388 -0.0675
1540 -0.03375
1426 0.02
1368 0.0025
1462 -0.04375
1310 -0.14375
1450 -0.03
1394 -0.06
1426 0.0975
1412 0.09
1384 -0.04125
1450 0.11125
1348 -0.05125
1254 -0.06875
1608 -0.03625
1384 0.0275
1430 0.00125
1302 0.025
1406 -0.02625
1456 0.14375
1442 0.025
1396 0.0225
1620 0.1375
1586 -0.00875
1414 0.005
1474 0.0225
1488 0.13625
1390 -0.055
1446 -0.08375
1432 0.1925
1396 -0.07
1416 -0.01875
1286 -0.0175
1462 0.02125
1502 0.20875
1362 0.055
1406 -0.1825
1490 0.045
1512 0.07125
