728 0.02875
1616 0.035
1542 0.00875
1518 -0.06125
1402 0.08625
1354 -0.10375
1430 -0.1025
1530 0.11125
1390 0.09875
1436 0.0475
1396 0.065
1380 0.0125
1434 -0.0125
1546 0.0825
1276 -0.045
1354 0.1875
1450 0.015
1462 0.11125
1360 0.15625
1490 0.13875
1348 0.015
1450 -0.09125
1458 0.11125
1318 -0.04
1514 0.025
1324 -0.06875
1422 -0.00625
1412 -0.11875
1630 0.1125
1380 0.00375
1438 -0.10875
1312 -0.03375
1486 -0.115
1442 -0.05
1384 -0.0425
1316 -0.19125
1394 0.08125
1446 -0.05625
1334 -0.1625
1434 -0.15125
1582 -0.05875
1358 -0.03125
1518 -0.0025
1310 0.06875
1388 -0.035
1464 -0.17125
1406 -0.04375
1476 0.07875
1368 -0.05125
1324 -0.04
1310 -0.135
1438 -0.10375
1418 0.125
1424 -0.07125
1462 -0.015
1414 0.155
1314 -0.06625
1460 0.11125
1342 0.03
1250 -0.0175
1426 -0.1225
1424 -0.06125
1470 -0.0725
1374 0.02375
1370 0.015
1428 -0.05875
1334 -0.16
1472 -0.11125
1376 0.025
1402 0.16
1340 0.04
1454 -0.08375
1464 0.00625
1306 -0.075
1270 0.1025
1366 -0.11
1546 0.18375
1294 0.0175
1450 0.0925
1478 -0.00125
1486 -0.03125
1490 0.015
1466 0.0375
1410 0.03375
1346 0.06875
1440 -0.1225
1250 0.05625
1390 0.0825
1366 0.05875
1386 0.04375
1504 -0.10125
1360 -0.0475
1470 -0.13125
1422 -0.04875
1430 -0.25
1122 0.09125
1434 -0.145
1476 0.1075
1408 0.00375
1456 -0.07625
1510 0.20375
1374 -0.1125
1408 0.01625
1430 -0.1125
1324 -0.0025
1264 0.005
1386 0.00625
1426 -0.03
1364 0.01125
1414 -0.105
1326 0.065
1454 0.08625
1342 -0.12875
1500 -0.2675
1454 -0.0375
1474 -0.08125
1260 0.0775
1370 -0.02
1438 0.01125
1492 0.21875
1366 0.11
1500 -0.09125
1346 0.06875
1388 -0.04625
1242 0.0275
1482 0.02
1444 0.04125
1502 0.23625
1420 -0.04
1330 -0.09125
1330 0.05625
1380 -0.085
1484 -0.18
1416 0.07625
1430 0.1025
1346 0.12
1502 0.03875
1346 0.03625
1438 -0.1175
1420 -0.21625
1256 -0.00375
1274 0.03375
1446 -0.24375
1516 -0.0525
1304 -0.1875
1292 -0.15875
1386 0.13625
1374 -0.035
1438 0.1625
1454 0.01
1482 -0.1725
1294 0.0425
1374 0.12375
1456 0.08625
1314 -0.135
1398 0.03125
1350 0.125
1462 -0.17
1378 0.04625
1450 -0.01125
1290 0.01375
1340 -0.04
1378 0.06
1420 -0.1475
1330 0.01125
1366 0.00625
1458 -0.01625
1314 0.01125
1402 -0.115
1474 0.1325
1454 0.08125
1502 0.065
1330 -0.1425
1430 0.04625
1382 0.01125
1468 -0.1675
1272 0.1275
1256 -0.03375
1408 -0.05
1398 0.0575
1218 0.095
1302 0.07625
1396 -0.11375
1336 -0.0625
1392 0.1425
1382 -0.12375
1528 0.12125
1464 -0.03375
1334 -0.01
1552 0.02375
1398 -0.045
1422 0.0675
1416 0.125
1396 -0.04875
1318 -0.04875
1422 -0.05625
1554 -0.19
1376 -0.01125
1386 0.02625
1330 -0.06375
