604 -0.02125
1420 0.02375
1406 -0.01375
1472 -0.1025
1512 -0.01875
1390 0.10375
1286 -0.1
1424 0.01125
1418 -0.13125
1426 0.01
1360 0.13125
1418 0.06375
1534 -0.23375
1414 -0.025
1402 0.05375
1386 0.01375
1274 -0.05625
1498 -0.07375
1340 0.0275
1336 0.055
1418 0.16875
1506 0.1225
1310 -0.00625
1370 -0.03
1374 -0.025
1402 0.1325
1512 -0.07125
1530 -0.18375
1508 0.10125
1462 -0.0925
1464 -0.07
1362 -0.1075
1322 0.065
1418 0.03125
1382 0.2475
1306 -0.0475
1608 0.07375
1484 -0.1975
1434 -0.0175
1454 -0.1975
1450 0.00875
1224 -0.03375
1360 -0.2075
1362 0.04875
1344 -0.00125
1302 -0.11625
1446 -0.03375
1326 -0.115
1278 0.0725
1458 -0.02125
1330 0.0475
1200 0.06875
1282 -0.02625
1398 -0.13
1498 -0.09625
1402 -0.06
1344 -0.0625
1402 -0.00375
1410 0.17
1394 0.08
1340 0.05
1410 0.0875
1480 0.06125
1386 -0.015
1270 0.135
1428 0.28
1362 -0.17125
1368 -0.1
1458 0.02875
1492 0.195
1292 -0.05375
1428 0.02375
1408 -0.1325
1382 -0.0025
1344 -0.01625
1466 -0.07875
1432 0.13125
1198 0.01
1354 0.1525
1388 -0.01625
1294 -0.01625
1338 -0.00625
1306 0.04125
1360 0.0125
1494 -0.02625
1454 -0.0725
1384 0.05625
1578 0.05375
1356 -0.00125
1198 0.02625
1374 0.075
1360 -0.0275
1334 0.015
1406 -0.20125
1318 0.0325
1388 0.0125
1390 -0.1025
1568 0.0675
1330 0.0675
1438 -0.03875
1482 0.1825
1558 0.08625
1386 -0.15875
1452 -0.11125
1374 0.15
1416 -0.01625
1428 0.11625
1336 0.01625
1318 0.09875
1446 0.00375
1454 -0.08125
1284 -0.06
1410 0.065
1406 0.0425
1266 -0.055
1312 -0.09625
1530 0.06875
1540 -0.1825
1456 0.01
1338 0.015
1212 0.04125
1380 -0.05625
1528 0.1025
1430 0.15375
1426 0.06125
1282 0.04125
1308 0.06625
1322 0.06375
1434 -0.0275
1224 -0.1525
1398 -0.085
1272 0.025
1392 0.05375
1406 0.04875
1412 -0.135
1398 -0.03125
1340 0.02875
1514 -0.0975
1438 -0.1275
1366 0.10625
1438 0.19
1322 -0.0925
1448 -0.1375
1402 -0.09375
1504 0.06
1354 0.03375
1582 0.04125
1302 0.0525
1280 -0.1125
1466 -0.02
1350 -0.0425
1374 0.025
1562 0.01125
1562 0.0275
1436 0.1125
1408 -0.0175
1630 -0.0525
1434 -0.10625
1406 0.115
1298 0.0325
1366 -0.05375
1466 0.15875
1374 -0.00625
1348 -0.0275
1370 -0.18875
1258 0.095
1506 -0.0775
1356 0.00125
1262 0.1
1340 -0.17625
1414 0.075
1340 0.09625
1420 0.015
1434 -0.09
1342 0.015
1342 -0.04
1382 -0.1225
1386 -0.01875
1330 -0.1225
1502 0.09875
1384 0
1382 -0.00875
1254 -0.12
1432 0.065
1470 0.0025
1406 -0.1775
1430 -0.28875
1400 0.05875
1250 0.04125
1352 0.05
1382 0.1425
1410 -0.1125
1462 -0.085
1366 0.0175
1394 -0.03125
1582 -0.15
1314 0.06
1434 0.10875
1446 0.12625
1466 0.08
