660 0.0325
1444 -0.0425
1478 -0.125
1474 0.11125
1414 -0.08
1582 -0.185
1322 0.0475
1458 0.1225
1256 0.10875
1298 -0.0175
1426 0.035
1310 0.14875
1434 -0.05625
1452 -0.08
1480 -0.1225
1370 0.09625
1370 0.01375
1454 0.03
1338 0.00125
1320 0.18
1378 -0.07
1328 0.0775
1462 0.0275
1442 -0.04375
1546 -0.11625
1368 -0.09375
1478 0.14125
1402 0.0125
1260 -0.05
1284 -0.0475
1462 -0.04375
1326 -0.11875
1414 -0.0425
1334 0.07125
1234 -0.04875
1418 0.0675
1242 -0.07375
1378 0.02375
1418 -0.00375
1350 0.10375
1402 0.1825
1460 -0.1975
1240 -0.1975
1372 0.03
1274 0.015
1398 0.05375
1442 -0.03
1400 -0.02
1484 0.06
1382 -0.05875
1356 0.02125
1462 -0.0325
1270 0.1325
1474 0.0425
1250 0.12625
1322 -0.13875
1320 0.07875
1218 0.1225
1246 0.03125
1318 0.00625
1368 -0.07625
1350 -0.02375
1320 -0.1225
1228 -0.0575
1382 0.17125
1358 -0.1075
1390 -0.04875
1304 -0.0125
1338 0.0175
1460 0.10375
1460 0.0975
1280 0.03625
1390 0.11375
1244 -0.135
1462 -0.12875
1418 -0.055
1348 -0.04375
1456 0.04375
1390 0.06875
1270 0.14125
1342 -0.07
1200 0.0175
1470 0.12375
1406 -0.00375
1326 -0.01125
1324 0.0575
1348 0.0375
1488 -0.1125
1398 -0.0275
1430 -0.03625
1386 -0.00875
1512 -0.12375
1320 -0.075
1470 0.005
1494 -0.10625
1288 -0.055
1438 -0.06375
1468 0.10625
1398 0.1
1302 -0.025
1440 0.16
1434 -0.00625
1458 0.09375
1402 0.095
1340 -0.01
1458 -0.04375
1430 -0.15625
1352 0.065
1402 -0.05125
1256 0.085
1492 0.0775
1382 -0.1725
1238 -0.005
1410 -0.13125
1352 0.03875
1326 0.03
1550 -0.1675
1324 0.0175
1428 -0.0175
1266 0.0075
1406 -0.19375
1352 -0.0775
1448 -0.1325
1450 0.0025
1418 0.14375
1482 0.08125
1298 -0.1625
1360 0.12375
1398 0.07
1454 0.01625
1390 -0.01125
1204 -0.04875
1412 0.1025
1388 0.0025
1336 -0.03625
1506 0
1372 0.1775
1464 -0.09625
1398 -0.08875
1362 0.22875
1320 -0.04125
1340 -0.215
1406 -0.015
1376 -0.1025
1422 0.06375
1422 -0.04
1328 0.02125
1260 0.17375
1376 0.04875
1418 -0.0225
1392 0.11
1232 0.13125
1518 -0.06125
1446 0.065
1356 0.0825
1336 -0.19625
1378 0.05625
1438 0.0975
1424 -0.04875
1428 -0.04125
1232 0.04
1526 0.03625
1318 -0.10375
1460 -0.18
1410 0.14375
1406 0.00625
1286 0.0525
1394 0.05625
1474 0.1275
1386 0.045
1558 0.0775
1372 0.01375
1370 -0.07
1240 -0.09125
1484 -0.01
1340 0.06375
1322 0.07875
1494 -0.0125
1300 0.00625
1400 0.08
1442 -0.1125
1404 0.24125
1490 0.1225
1530 -0.135
1384 0.185
1508 0.01625
1354 0.0225
1354 -0.07125
1496 0.01625
1312 -0.08
1356 -0.135
1462 -0.12
1442 0.03
1352 -0.0475
1322 0.175
1418 0.13625
1402 -0.00125
1346 0.11125
1406 -0.04125
1340 0.155
