552 0.01375
1370 -0.25125
1460 -0.0275
1260 -0.02625
1504 0.045
1392 -0.18125
1302 0.03
1380 -0.07875
1264 0.07125
1374 -0.19
1350 -0.15
1500 0.12375
1388 -0.15625
1274 0.0825
1280 0.02625
1268 0.095
1470 -0.0025
1292 0.015
1312 0.01125
1352 -0.055
1394 0.07125
1258 0.04625
1420 0.17
1298 0.08125
1206 0.08875
1308 -0.11625
1294 -0.015
1406 -0.11125
1292 0.03625
1470 0.025
1398 0.00375
1388 0.0275
1498 -0.15
1430 0.0675
1358 0.08125
1430 0.08125
1296 0.015
1430 -0.1875
1682 0.05875
1430 -0.01375
1302 -0.05
1314 -0.02125
1350 -0.05
1410 -0.04375
1430 -0.04
1352 0.2025
1404 0.0525
1436 -0.025
1310 -0.04625
1294 -0.0475
1482 -0.20875
1362 -0.005
1406 0.055
1474 -0.175
1338 0.01
1246 -0.025
1494 0.16875
1482 0.065
1302 -0.11125
1396 -0.2025
1450 0.08125
1216 0.07125
1390 0.09625
1302 -0.16375
1350 0.00125
1334 0.01875
1434 0.20375
1338 0.015
1332 -0.10375
1274 0.04625
1356 0.0075
1370 0.02
1298 0.09625
1434 0.03875
1490 0.0325
1314 -0.1525
1418 0.06125
1430 0.00625
1350 -0.0825
1370 0.09125
1518 0.18125
1382 0.0475
1262 0.0525
1314 -0.03875
1474 0.10875
1342 -0.07375
1410 0.07
1320 -0.17875
1458 0.09375
1308 0.05875
1338 -0.0125
1426 0.03625
1414 0.05875
1428 0.06625
1270 0.10875
1278 0.01875
1466 0.195
1330 -0.13875
1494 -0.175
1372 -0.0075
1450 -0.18375
1434 -0.20375
1406 -0.06875
1490 0.05625
1378 0.1175
1402 -0.13375
1262 -0.0275
1418 0.01
1342 -0.04
1480 0.07
1434 -0.08875
1400 -0.05
1388 0.12
1426 0.04375
1352 0.05375
1438 -0.02125
1262 0.06125
1448 -0.095
1438 -0.01
1392 0.085
1324 -0.125
1402 -0.18
1374 -0.0925
1478 -0.1025
1310 0.0825
1442 -0.16
1306 -0.07
1362 0.0925
1404 0.02125
1534 -0.035
1346 -0.02625
1446 0.07625
1514 0.16125
1388 0.05375
1510 0.02625
1434 0.0175
1334 -0.09
1418 -0.14875
1342 -0.08625
1340 0.0625
1386 -0.00375
1470 0.18875
1472 -0.1025
1226 0.00375
1332 -0.0275
1280 -0.13625
1262 -0.04
1274 -0.06125
1392 -0.05375
1256 0.00125
1406 -0.1225
1426 -0.12
1382 -0.03
1544 -0.14875
1354 -0.00875
1340 -0.13375
1342 -0.16625
1322 0.0175
1350 -0.14125
1350 -0.0725
1342 -0.06125
1422 -0.0725
1410 0.12625
1350 0.06125
1378 -0.07875
1316 0.0925
1470 -0.1375
1348 -0.01
1368 0.0675
1442 -0.09125
1324 -0.0925
1436 0.16375
1342 0.21
1306 -0.00125
1456 -0.065
1420 0.06125
1338 0.03875
1212 0.03375
1398 0.03125
1442 0.0125
1418 0.01
1304 0.05625
1470 -0.0425
1462 0.0425
1454 0.08625
1390 -0.07
1410 0.12125
1240 -0.05125
1490 -0.05625
1318 0.0975
1318 -0.00125
1240 -0.03125
1342 0.13875
1342 0.06625
1426 -0.08125
1366 0.0275
1374 -0.01625
1354 0.06625
1376 -0.0175
1404 -0.01875
