614 -0.04125
1414 -0.01125
1384 0.19
1422 0.10625
1364 0.00125
1466 0.16375
1498 0.0875
1400 0.1075
1510 0.125
1366 -0.04875
1398 -0.02625
1302 -0.0925
1348 -0.06
1408 -0.08375
1234 -0.13
1334 -0.135
1376 0.035
1324 -0.02
1448 0.0575
1280 -0.03
1486 -0.26625
1298 0.015
1394 -0.0725
1226 -0.05625
1322 0.07875
1424 -0.10375
1356 -0.01125
1422 0.07375
1422 -0.105
1416 -0.01375
1348 -0.06625
1394 0.05625
1526 0.115
1296 0.055
1430 -0.01125
1334 0.07625
1420 -0.17875
1524 -0.0925
1432 -0.025
1264 0.0325
1510 -0.1275
1336 -0.0675
1308 0.08125
1410 -0.02625
1316 0.04
1374 0.05875
1324 -0.18125
1312 0.09125
1414 0.125
1326 0.10375
1410 0.185
1354 -0.14375
1316 0.17125
1298 0.00875
1328 -0.045
1270 -0.07
1424 -0.11125
1350 0.00625
1332 -0.0075
1302 0.04
1270 0.00125
1524 -0.11
1434 0.11625
1666 -0.35
1382 -0.04
1334 0.0325
1392 0.0025
1310 -0.04875
1418 0.11625
1334 0.03375
1372 -0.06
1450 0.19125
1414 -0.0775
1378 0.03625
1298 0.0025
1442 0.2225
1262 0.005
1434 -0.20375
1422 -0.1125
1414 0.22375
1334 -0.1975
1346 0.11875
1330 0.00875
1252 0.02625
1326 -0.08625
1354 -0.08375
1410 -0.1175
1386 -0.06
1296 0.08
1278 0.01125
1430 0.0125
1376 -0.07375
1308 0.03625
1350 -0.085
1354 -0.01875
1334 0.01875
1478 0.12625
1328 -0.12375
1278 0.04625
1392 -0.00375
1410 0.13
1438 0.11875
1316 0.02625
1398 -0.085
1496 0.17375
1470 -0.0225
1402 0.11625
1384 -0.08375
1342 0.085
1418 0.0125
1416 0.00625
1326 -0.05
1366 -0.10125
1480 -0.06375
1354 0.19875
1448 -0.215
1346 -0.04625
1302 0.01125
1356 -0.06375
1478 -0.14125
1378 0.11125
1316 -0.0675
1462 -0.10375
1472 0.20625
1330 0.05625
1370 0.18875
1334 -0.0925
1362 0.04125
1202 0.015
1432 0.1775
1304 0.115
1330 -0.02375
1362 -0.0125
1400 -0.0525
1430 0.05875
1288 -0.01
1372 -0.08
1398 0.16
1386 0.00125
1526 0.10125
1440 -0.0575
1274 -0.00375
1366 0.08625
1436 0.0675
1374 0.0075
1374 -0.2075
1424 0.15375
1364 -0.0275
1302 0.22
1330 -0.0175
1434 0.0325
1284 -0.035
1330 0.02125
1320 -0.0425
1288 0.01375
1378 0.0925
1348 0.04
1342 0
1390 -0.0975
1418 0.13
1430 0.11
1394 0.145
1438 0.035
1280 -0.00625
1246 -0.10125
1330 0.035
1330 0.1125
1414 -0.0625
1382 -0.02625
1358 -0.04625
1400 -0.0175
1406 0.035
1436 -0.10375
1598 0.2075
1354 -0.09125
1426 0.04375
1320 0.14375
1346 0
1508 0.225
1466 -0.0625
1354 0.115
1172 0.09625
1420 -0.04625
1456 -0.00625
1252 -0.03625
1450 -0.025
1354 0.03125
1204 0.0375
1412 -0.04125
1566 0.24
1370 0.0225
1430 -0.04875
1336 -0.05375
1238 0.0725
1278 0.04875
1374 0.09125
1458 -0.06375
1226 -0.01625
1514 -0.15
1330 -0.04
