718 0.0175
1370 0.0475
1530 -0.0175
1554 -0.05
1520 0.01875
1286 0.125
1358 0.035
1414 -0.1275
1396 -0.04125
1454 0.16
1358 -0.09125
1288 -0.02
1214 0.04625
1442 -0.0675
1348 -0.14125
1362 -0.1275
1524 0.03125
1338 0.0975
1154 0.04375
1260 0.0925
1242 -0.0225
1380 -0.00625
1406 0.04
1352 -0.01625
1452 -0.03125
1482 -0.0425
1490 0.095
1424 0.0225
1362 0.01625
1332 0.0975
1466 -0.05125
1278 0.03
1386 0.19125
1526 0.05875
1482 0.0875
1382 -0.03125
1346 0.08625
1314 -0.0925
1382 0.0675
1278 0.03625
1356 -0.08375
1350 -0.1125
1338 -0.02125
1470 -0.03125
1362 0.0725
1318 -0.01875
1296 0.03625
1368 0.19625
1342 0.0825
1350 -0.06125
1480 0.05625
1482 0.205
1310 0.06375
1212 0.0825
1386 -0.12125
1196 0.0225
1350 -0.07625
1402 0.0325
1322 0.015
1434 -0.02
1426 -0.015
1324 0.04625
1414 -0.02375
1306 0.0675
1344 0.01375
1222 0.05125
1598 0.07875
1514 0.15375
1310 0.03125
1416 -0.09125
1374 -0.1225
1340 0.0825
1318 -0.18125
1358 -0.01625
1510 -0.0975
1318 -0.0725
1410 0.115
1364 0.1675
1384 0.11625
1262 -0.0525
1338 -0.17
1390 -0.02125
1352 0.035
1382 0.06875
1364 -0.05875
1296 0.045
1470 0.02875
1228 -0.0175
1334 0.07125
1366 -0.1275
1348 0.05625
1494 -0.05875
1406 0.06
1386 -0.06375
1430 -0.08
1484 -0.03875
1282 -0.1375
1274 -0.00875
1316 -0.07125
1410 0.11
1316 -0.08
1306 0.145
1330 0.04625
1402 0.0025
1524 -0.13375
1376 0.01875
1402 0.085
1384 -0.0175
1308 -0.01875
1382 0.07875
1300 0.095
1508 0.04125
1336 0.07125
1370 -0.09375
1354 0.01125
1392 0.01
1386 -0.12125
1394 -0.11625
1354 -0.03375
1286 0.025
1362 0.07625
1338 0.01
1430 0.2475
1410 -0.11375
1508 -0.16875
1354 0.00625
1504 -0.09125
1410 0.04125
1338 -0.10375
1338 0.00875
1384 0.00125
1384 -0.0725
1434 -0.02375
1348 0.00875
1438 0.0325
1256 -0.04625
1400 -0.07125
1250 0.03875
1498 -0.1025
1446 0.08
1360 0.09375
1410 -0.09375
1336 -0.0475
1406 -0.01125
1490 0.055
1272 -0.0725
1358 0.08125
1284 0.0375
1266 -0.09625
1358 -0.07125
1390 -0.05
1196 0.0125
1402 -0.065
1464 -0.04625
1336 0.08875
1278 0.07375
1428 0.1075
1282 -0.07125
1434 0.0275
1308 -0.045
1494 0.01375
1404 -0.12375
1434 -0.1625
1336 -0.02375
1466 0.0425
1380 -0.01125
1368 0.0775
1358 0.0975
1338 0.10875
1394 0.16625
1386 0.07875
1358 0.1
1306 0.0275
1484 0
1338 -0.09375
1372 -0.0275
1454 0.09
1422 -0.03125
1298 0.09375
1516 -0.0675
1440 0.24125
1446 0.125
1188 0.0025
1394 -0.07125
1396 0.0075
1402 -0.02625
1306 -0.14125
1330 0.04625
1330 0.0525
1512 0.055
1420 0.04125
1416 -0.1025
1474 0.025
1342 -0.015
1284 0.085
1282 0.12875
1366 -0.1525
1344 -0.17
1318 -0.075
1346 0.11875
