680 -0.015
1334 0.0625
1406 -0.1825
1416 -0.0225
1342 0.065
1250 -0.02875
1458 0.01625
1296 0.04625
1430 0.03875
1400 -0.03
1398 -0.04625
1398 -0.11
1334 0.0175
1250 -0.0225
1342 0.05
1396 0.1875
1398 0.06375
1370 -0.01
1290 -0.035
1214 0.03625
1178 0.06375
1278 0.04
1262 0.05875
1250 -0.1225
1374 0.125
1310 -0.11125
1246 0.07125
1206 -0.02375
1266 0.04625
1276 0.07125
1402 0.0275
1246 0.00375
1366 0.0375
1362 0.04375
1378 0.0975
1382 -0.06
1426 -0.0975
1272 -0.0175
1314 0.1275
1294 -0.06
1332 -0.0575
1442 0.0025
1322 0.09625
1466 -0.07875
1436 -0.16125
1310 -0.09625
1516 -0.0775
1470 -0.09375
1386 -0.0175
1298 0.1125
1398 -0.0175
1218 0.0275
1298 -0.05
1356 0.09875
1342 -0.1
1540 -0.045
1266 0.0225
1158 -0.0625
1322 0.1
1242 0.12875
1364 0.00125
1444 0.08875
1342 0.0725
1510 0.195
1426 -0.03375
1378 -0.27375
1414 0.02375
1348 0.1375
1362 -0.025
1426 -0.06
1282 -0.02625
1340 -0.14625
1396 -0.0225
1298 0.055
1324 0.12625
1340 -0.12125
1250 0.01375
1296 0.07875
1244 -0.08375
1402 0.03875
1278 0.04125
1338 -0.1425
1362 -0.19125
1398 -0.0225
1418 0.045
1398 0.02625
1502 -0.09625
1322 0.105
1316 0.08875
1290 0.15625
1370 -0.08
1380 0.05125
1418 0.065
1450 0.08625
1354 -0.1325
1338 -0.15875
1362 0.00375
1410 -0.03875
1392 0.035
1316 0.165
1256 0.0325
1354 0.125
1422 0.09125
1406 -0.0625
1306 -0.015
1414 -0.1125
1406 0.0975
1346 0.015
1352 -0.1025
1402 -0.1
1298 -0.1
1334 0.08875
1280 -0.02125
1214 -0.0025
1284 -0.145
1262 -0.03
1422 -0.00875
1354 -0.07375
1330 -0.10125
1346 0.0175
1386 0.10875
1382 -0.11
1364 0.07125
1270 -0.015
1354 -0.00375
1322 -0.0525
1404 0.0525
1474 -0.02875
1414 -0.125
1454 -0.09125
1266 0.0225
1234 -0.085
1274 -0.16625
1246 0.08625
1258 -0.1575
1200 -0.08375
1342 -0.09375
1454 -0.12875
1272 0.015
1366 0.14125
1206 0.05625
1314 0.1475
1362 0.04875
1218 0.01625
1460 -0.125
1498 0.015
1294 0.005
1362 0.185
1376 -0.12375
1258 -0.1025
1258 0.015
1218 -0.01
1266 -0.02375
1410 0.04375
1264 -0.07125
1212 -0.0075
1264 -0.06
1348 -0.00125
1388 0.08375
1358 -0.02625
1416 -0.1225
1306 -0.00625
1430 0.02125
1388 -0.11375
1230 -0.20625
1254 0.0325
1300 -0.0975
1406 0.2075
1454 0.07
1312 -0.08
1382 0.015
1406 -0.09125
1388 0.00125
1320 0.02375
1360 0.0575
1270 0.04875
1370 -0.14125
1258 0.045
1318 0.105
1354 -0.16125
1384 -0.1275
1320 -0.0125
1354 -0.015
1226 0.025
1326 -0.04625
1378 0.105
1426 0.06875
1322 0.0975
1432 0.1725
1256 0.04625
1454 -0.10375
1352 0.0775
1302 -0.065
1346 -0.14375
1418 -0.09375
1344 0.01375
1370 0.12
1270 -0.0575
1460 0.15125
1484 0.03
