870 -0.04375
1358 -0.05625
1384 -0.0375
1380 0.065
1334 0.00125
1422 0.0125
1308 -0.11625
1264 -0.01125
1244 0.01375
1334 -0.11375
1510 0.07375
1178 0.04125
1396 0.19625
1390 -0.03875
1274 0.0625
1318 -0.07625
1290 0.03625
1350 -0.03625
1358 -0.04375
1426 -0.03375
1316 -0.08625
1290 -0.03375
1258 -0.025
1442 0.0475
1262 -0.0775
1318 -0.07
1390 -0.04625
1274 -0.08625
1272 -0.0875
1322 -0.1125
1322 0.13875
1368 0.14875
1240 -0.11625
1358 -0.015
1384 -0.02375
1164 0.045
1344 0.05625
1310 0.03375
1238 -0.09
1268 -0.04125
1358 0.0375
1296 -0.02875
1428 0.08625
1428 0.16375
1356 0.17625
1296 -0.005
1370 -0.0375
1346 -0.105
1382 0.08
1376 0.185
1234 0.01875
1294 0.0025
1430 -0.11625
1448 -0.0525
1290 -0.0325
1410 0.04625
1362 -0.095
1350 -0.00125
1260 -0.145
1310 -0.03875
1392 0.06
1350 -0.21375
1520 -0.04
1472 -0.10375
1406 0
1350 -0.08875
1320 0.05125
1358 -0.05875
1240 0.015
1394 -0.03
1492 0.1625
1392 -0.01875
1314 -0.04875
1462 0.00375
1426 0.07
1280 0.02375
1262 0.005
1422 -0.01375
1356 -0.07125
1234 0.05125
1272 0.2
1442 0.08875
1466 -0.1475
1398 0.0525
1234 0.07375
1434 -0.13
1384 0.13125
1318 0.03
1434 0.015
1450 -0.07
1400 -0.1175
1304 0.0425
1394 -0.12
1424 -0.21125
1374 0.02875
1326 0.01875
1416 0.0175
1202 0.045
1254 -0.045
1510 -0.04625
1294 -0.04875
1314 0.1175
1524 -0.1275
1338 0.0875
1310 0.12875
1364 0.07125
1368 -0.055
1330 -0.02875
1364 0.045
1336 0.06875
1196 0.0325
1340 0.01125
1454 -0.06
1506 0.10625
1420 -0.06
1362 -0.025
1276 0.01625
1380 -0.0125
1336 0.085
1350 -0.025
1358 -0.1275
1422 0.12
1178 0.0325
1422 -0.05375
1374 -0.17
1426 0.01
1358 0.11125
1410 -0.0125
1494 0.23
1372 -0.2075
1430 0.02375
1330 -0.05875
1250 -0.00375
1284 -0.055
1320 -0.04875
1326 -0.16875
1310 -0.0925
1376 -0.05375
1350 0.08125
1302 -0.04625
1392 0.065
1348 -0.11375
1348 -0.1075
1410 -0.12875
1436 -0.1425
1382 0.1175
1512 -0.00625
1310 0.03875
1402 -0.01375
1470 0.15625
1330 -0.00375
1396 0.0775
1310 0.015
1274 -0.145
1402 -0.1125
1424 0.0275
1352 0.07875
1386 -0.06125
1434 -0.13
1334 -0.095
1414 -0.09375
1362 0.05
1366 0.01625
1334 0.105
1478 0.0825
1322 0.0275
1416 0.06
1282 -0.07875
1432 0.0625
1306 0.0675
1382 0.10375
1414 0.03875
1370 0.04625
1390 -0.08625
1370 -0.02875
1348 0.02625
1440 0.01375
1368 0.12625
1404 0.11625
1362 0.065
1384 0.05625
1354 0.16625
1376 -0.045
1474 -0.05125
1274 -0.14
1448 0.0175
1462 -0.0575
1306 0.00125
1314 0.06625
1338 0.0075
1426 -0.14375
1394 -0.1475
1274 -0.0525
1186 -0.005
1326 0.2075
1366 -0.0875
1326 -0.15375
1272 -0.01875
1380 -0.02625
1364 0.0675
