682 -0.02
1290 0.17375
1344 0.02375
1486 -0.165
1412 -0.01875
1466 -0.02625
1282 0.12125
1262 -0.06375
1394 0.0075
1518 -0.12125
1454 0.02125
1248 0.03375
1346 0.17375
1326 0.125
1424 -0.12625
1342 0.08
1450 -0.02625
1226 0
1280 -0.06625
1390 0.02375
1366 0.1575
1332 0.05375
1358 0.00125
1174 -0.1525
1330 0.0025
1276 -0.0575
1286 -0.08
1398 -0.07625
1408 -0.00375
1218 0.015
1374 -0.28375
1354 -0.1125
1506 0.03375
1278 0.03
1254 0.0875
1414 -0.04625
1408 0.1375
1348 0.04125
1480 -0.1675
1440 -0.13625
1410 0.06625
1412 -0.0825
1382 -0.05625
1458 -0.01125
1468 -0.18125
1390 0.10125
1226 -0.01
1328 -0.065
1438 -0.24875
1458 -0.075
1294 0.03875
1344 0.02875
1314 0.01375
1340 -0.0475
1266 -0.1775
1338 -0.045
1434 -0.01875
1352 0.06375
1412 0.225
1274 -0.015
1234 -0.0975
1228 -0.1325
1378 -0.0825
1366 0.00375
1362 0.04
1378 0.02875
1394 -0.04
1566 -0.02125
1306 -0.07125
1372 0.08125
1458 -0.02375
1512 -0.19375
1338 -0.01875
1362 0.10375
1434 0.06875
1392 0.085
1322 -0.1275
1328 -0.00625
1322 0.09875
1490 0.04375
1304 -0.1875
1308 -0.0325
1386 0.06875
1274 -0.0975
1218 0.085
1228 -0.06875
1310 0.0675
1314 -0.08125
1354 0.08
1300 -0.04625
1270 -0.04625
1404 -0.1375
1422 0.05875
1214 -0.0475
1362 -0.12625
1226 0.01625
1366 0.045
1312 -0.06
1126 -0.00875
1470 0.09875
1456 0.165
1410 0.03125
1396 -0.08125
1332 -0.03625
1290 -0.04875
1364 0.13625
1276 0.1475
1326 -0.0825
1288 -0.01
1334 0.005
1440 -0.1675
1236 -0.0525
1340 0.03
1250 -0.055
1358 -0.15
1370 -0.06375
1290 0.03875
1298 -0.095
1314 0.0325
1442 -0.16625
1240 0.045
1442 -0.16625
1244 -0.06125
1286 -0.035
1314 0.175
1446 -0.04875
1358 -0.0025
1352 -0.0525
1290 0.09375
1266 0.06375
1382 0.00625
1346 -0.03125
1302 -0.00375
1426 -0.0325
1354 0.10375
1298 -0.13125
1330 0.0475
1238 -0.05
1322 0.08125
1362 0.04625
1352 0.14
1268 0.0425
1358 0.08875
1370 0.07
1278 0.0925
1448 0.11375
1410 -0.01625
1238 0.17375
1342 0.03875
1324 0.0425
1226 -0.0325
1402 0.035
1338 -0.07625
1206 0.05125
1398 -0.00625
1372 -0.06875
1316 0
1316 -0.01
1434 -0.10625
1330 -0.0325
1266 -0.05125
1292 -0.01125
1366 0.1225
1342 0.005
1280 -0.00125
1396 -0.04625
1360 0.08375
1446 -0.235
1192 -0.04375
1324 -0.1375
1252 -0.0875
1306 -0.1
1306 -0.0375
1452 -0.10125
1206 -0.00875
1242 0.01875
1368 -0.01125
1238 -0.08
1190 -0.12875
1560 -0.31625
1300 0.09625
1330 -0.085
1366 -0.195
1390 -0.20125
1358 -0.085
1366 0.05625
1278 -0.04375
1382 0.13125
1280 -0.03625
1352 0.09
1426 -0.00125
1462 -0.0925
1336 0.04625
1330 -0.06
1416 -0.03625
1294 0.085
1194 0.03375
1298 -0.0575
1424 -0.06625
1424 0.0625
