716 -0.00875
1152 0.025
1418 0.01
1336 -0.1475
1372 -0.13625
1458 0.00125
1342 -0.11
1262 0.03125
1304 0.03125
1410 0.0675
1246 -0.1075
1282 -0.04
1362 -0.0125
1346 -0.12125
1244 0.1675
1346 -0.02125
1354 0.015
1302 -0.01625
1294 0.09125
1336 -0.07875
1286 -0.0375
1378 -0.1075
1418 -0.12125
1292 0.2675
1290 0.05
1418 -0.17
1462 -0.0625
1398 -0.19375
1442 0.0875
1288 -0.06875
1396 0.1825
1294 -0.06375
1446 0.29125
1370 -0.035
1348 -0.03125
1392 0.0375
1252 -0.0575
1270 -0.05
1304 -0.0825
1358 0.045
1466 -0.10875
1406 0.00875
1366 -0.13
1278 -0.05875
1408 0.03625
1330 -0.18875
1296 -0.03625
1318 0.06875
1322 -0.1575
1448 0.1325
1314 0.09125
1390 -0.00625
1358 -0.03
1272 -0.1
1422 -0.16375
1362 -0.075
1302 0.02625
1310 0.04625
1398 0.2225
1322 -0.04125
1366 0.05875
1398 -0.1375
1316 0.10125
1358 0.01125
1298 0.12125
1302 0.01
1418 0.08
1298 0.095
1316 0.1125
1256 -0.02125
1320 -0.13
1392 0.13125
1338 0.0575
1226 -0.0375
1232 -0.0175
1590 -0.05875
1358 -0.08125
1394 0.015
1450 0.04625
1270 -0.10875
1336 -0.0325
1216 0.07375
1374 0.06
1426 0.14125
1450 0.19875
1390 0.10125
1204 0.0925
1302 0.07
1462 -0.2
1380 -0.0525
1314 0.07375
1332 -0.07625
1350 0.07
1430 0.14625
1392 0.07
1386 0.0025
1322 0.025
1322 0.055
1300 0.15
1338 0.08375
1384 -0.0575
1380 0.10875
1366 0.1075
1476 -0.04125
1352 -0.045
1548 -0.0975
1402 0
1326 -0.04375
1324 0.03125
1314 -0.125
1386 0.05875
1378 0.01125
1280 0.0625
1310 -0.0575
1402 0.185
1292 -0.06375
1294 -0.08
1400 -0.03625
1370 -0.0775
1546 -0.0625
1418 0.0775
1188 0.05625
1406 0.105
1402 -0.1325
1252 -0.08125
1408 0.03375
1382 -0.045
1398 0.05875
1298 0.04
1344 -0.05375
1324 -0.01
1332 -0.04125
1390 0.05625
1414 0.075
1432 -0.0025
1488 0.0125
1268 -0.00375
1312 -0.06625
1444 -0.03875
1382 0.03875
1240 0.03625
1424 -0.01875
1290 -0.10875
1296 0.155
1262 -0.005
1224 0.06
1392 -0.085
1334 -0.13
1356 0.09
1336 0.04125
1354 -0.16625
1378 -0.16
1190 -0.155
1392 0.0575
1308 0.0275
1306 -0.04625
1306 -0.1
1396 0.03125
1326 0.1325
1374 0.025
1296 0.065
1462 -0.01625
1244 -0.12
1304 0.07875
1376 -0.01375
1132 0.0125
1394 0.02625
1306 0.01125
1250 -0.0175
1350 -0.11375
1424 0.07
1294 -0.215
1198 0.0575
1448 -0.1375
1258 0.045
1316 -0.0975
1414 -0.14
1238 0.0975
1354 -0.115
1362 0.1125
1422 0.11875
1352 -0.0925
1284 -0.01
1370 0.04375
1302 0.035
1294 -0.00875
1354 0.09125
1496 -0.07375
1192 0.0475
1362 0.17375
1362 -0.1275
1426 0.2425
1292 0.005
1372 0.07875
1392 -0.02125
1378 0.0075
1314 -0.11875
1498 -0.14625
1310 -0.0275
1328 0.05125
