622 0.01875
1382 0.00625
1426 -0.045
1276 -0.1225
1362 0.04
1392 0.02875
1242 0.03
1266 0.09625
1372 0.11625
1176 -0.0425
1310 -0.0025
1344 -0.1825
1378 -0.05625
1354 0.0025
1238 0.08
1322 0.00375
1334 -0.05625
1402 0.04
1382 -0.01125
1220 -0.005
1378 0.01
1246 -0.1325
1372 0.08375
1472 0.02875
1308 0.0175
1346 0.02
1322 0.01625
1316 -0.01
1414 -0.09375
1358 0.00625
1350 -0.06625
1326 -0.085
1270 0.00375
1258 -0.15875
1404 -0.06
1440 -0.0225
1438 0.19375
1304 0.0175
1352 0.13375
1336 0.195
1344 0.1725
1370 0.03625
1386 -0.0325
1248 -0.03375
1292 0.12625
1310 0.02625
1270 -0.175
1386 -0.125
1422 0.1475
1220 -0.01125
1470 0.01375
1342 0.135
1246 -0.05875
1390 0.1425
1286 0.005
1454 0.0475
1238 0.00875
1432 -0.07375
1358 -0.03375
1384 -0.0875
1224 0.02625
1240 -0.06
1338 -0.03
1282 0.06125
1374 -0.0875
1360 0.035
1368 0.11875
1298 0.02125
1334 -0.05125
1224 0.03875
1312 -0.05375
1252 0.01375
1302 0.1425
1446 0.03375
1356 -0.04875
1322 -0.08125
1434 -0.01
1426 -0.04
1310 0.01
1408 0.08375
1286 0.06625
1406 0.05875
1288 -0.0075
1242 -0.05
1334 0.075
1308 0.00875
1278 -0.04125
1234 0.02375
1262 -0.09
1220 0.02875
1356 -0.01875
1334 0.00125
1306 0.02
1352 0.20625
1286 -0.13875
1266 0.06
1290 0.08875
1226 0.00875
1356 0.12
1372 0.26
1254 -0.005
1418 0.02625
1478 -0.045
1386 -0.0175
1326 -0.0375
1242 -0.01125
1430 -0.04875
1322 -0.18375
1184 -0.125
1392 -0.0075
1486 0.0325
1402 0.0725
1270 -0.01125
1322 -0.13625
1334 0.08
1414 -0.00125
1394 0.06
1282 0.04125
1210 0.0125
1378 0.13375
1332 -0.0175
1258 0.05
1348 -0.1275
1176 -0.08
1252 0.055
1400 0.01875
1356 -0.08625
1254 -0.125
1408 0.02625
1370 -0.13625
1204 0.035
1318 0.1425
1352 -0.0675
1472 0.1075
1276 -0.1075
1334 -0.0425
1302 0.0625
1446 -0.0025
1510 -0.08625
1314 -0.005
1356 -0.02
1346 0.1775
1386 -0.155
1410 -0.03
1224 -0.035
1350 -0.01
1308 0.09
1344 -0.115
1406 -0.02375
1350 0.1725
1342 0.05375
1342 -0.015
1238 -0.02
1338 -0.00125
1328 0.02125
1356 -0.07875
1262 -0.16375
1328 0.0175
1302 -0.02125
1222 0.0225
1362 -0.04875
1368 -0.07125
1336 0.03375
1338 0.00875
1432 -0.11875
1274 -0.035
1294 -0.12625
1300 0.12875
1398 0.105
1264 0.08625
1322 -0.11
1338 0.10375
1256 0.01375
1350 0.195
1422 -0.0375
1332 0.09
1286 -0.02375
1314 -0.07125
1320 -0.16
1348 -0.0425
1264 -0.0275
1422 0.15125
1182 0.00625
1332 -0.1325
1328 0.05
1382 -0.07375
1350 0.0475
1272 0.00125
1530 0.04875
1448 -0.10375
1238 -0.05
1258 0.0375
1376 -0.10125
1294 -0.0375
1178 0.07625
1390 -0.0525
1378 -0.035
1390 -0.1025
1318 -0.01875
1294 0.14375
