670 0.015
1492 -0.02875
1306 0.08125
1366 -0.0225
1294 -0.0275
1416 -0.02125
1306 -0.025
1274 -0.105
1482 0.35625
1354 0.17125
1290 -0.08
1342 0.09625
1390 -0.12625
1212 0.02375
1174 -0.01875
1266 -0.1525
1250 -0.05
1174 0.00875
1270 -0.01875
1104 0.07625
1394 -0.0475
1226 0.04125
1366 -0.13875
1448 0.02
1206 0.16125
1344 -0.055
1362 0.12125
1378 0.03875
1334 -0.00625
1492 -0.11375
1336 0.10875
1290 0.11
1442 -0.0025
1366 -0.1475
1338 -0.0475
1306 0.05125
1246 -0.04
1194 -0.065
1314 -0.00375
1278 0.08375
1314 -0.13125
1222 0.0175
1384 0.00875
1286 -0.0575
1202 -0.06375
1276 0.03375
1362 -0.1425
1260 -0.0425
1274 0.01
1394 -0.045
1398 -0.1475
1332 0.0225
1404 0.02
1340 0.01
1442 -0.10625
1254 -0.0125
1334 0.0875
1314 -0.07375
1330 -0.01375
1288 -0.01
1246 -0.14
1354 0.06375
1298 0.14625
1328 0.0275
1404 0.08875
1386 0.0125
1284 -0.08375
1272 -0.02375
1192 0.01
1428 0.175
1320 0.015
1336 0.0475
1486 -0.13625
1442 -0.01875
1330 -0.0225
1290 -0.07625
1190 -0.105
1378 -0.00125
1292 -0.01125
1248 -0.0025
1310 0.00625
1280 -0.06
1398 0.04125
1416 -0.0575
1162 0.00375
1322 -0.04375
1246 0.12625
1304 -0.10625
1392 -0.11
1342 -0.02625
1308 -0.015
1438 -0.17
1246 0.14
1422 -0.03875
1272 -0.065
1286 -0.045
1244 -0.12875
1302 -0.08875
1304 0.13
1366 -0.0125
1258 0.0025
1380 -0.175
1236 0.045
1310 -0.005
1294 -0.085
1218 0.14
1484 -0.0825
1326 -0.08
1314 -0.0575
1286 0.0025
1268 0.0625
1280 0.0425
1266 -0.1575
1302 0.10875
1304 0.10375
1492 -0.11
1456 -0.04125
1370 0.03875
1328 0.05
1286 0.0175
1446 0.0625
1214 0.0175
1398 0.125
1330 -0.00875
1400 0.0825
1234 -0.07375
1326 -0.06125
1414 0.05
1468 0.03125
1250 -0.06375
1282 -0.01
1426 0.01625
1340 0.0075
1358 -0.06125
1326 -0.0825
1298 0.0125
1330 -0.10875
1280 0.06
1274 -0.00625
1184 0.035
1290 -0.01375
1346 0.0475
1286 0.0175
1226 0.13125
1256 -0.1
1340 0.02875
1224 0.055
1314 -0.03
1402 0.12625
1390 -0.17375
1408 0.08875
1266 -0.10625
1418 -0.09
1322 0.0275
1356 0.10875
1306 0.07375
1184 -0.09875
1400 0.0225
1276 -0.065
1390 -0.14
1318 0.045
1222 -0.135
1436 0.2175
1318 -0.02625
1204 0.0025
1306 -0.0475
1324 0.0775
1310 -0.06375
1266 0.03875
1356 -0.0125
1314 -0.1625
1374 0.14625
1260 -0.085
1390 -0.16125
1348 0.1075
1302 -0.085
1514 -0.0125
1392 0.04625
1328 -0.00625
1460 -0.08125
1246 -0.065
1426 0.02875
1190 -0.01875
1186 0.10625
1276 -0.0425
1302 -0.07375
1226 0.00875
1446 -0.135
1218 0.12625
1466 0.0075
1170 -0.06125
1322 0.00375
1318 -0.02375
1370 -0.1625
1322 -0.02875
1388 0.1375
1230 -0.10125
1376 -0.13125
1436 -0.01125
1378 0.18625
