772 0.005
1348 -0.04125
1298 -0.0025
1136 0.02125
1180 -0.02125
1362 0.03625
1242 0.0775
1512 0.10875
1242 0.0075
1218 0.0475
1310 -0.0475
1290 -0.07875
1362 -0.255
1344 0.00625
1358 0.04625
1386 -0.015
1240 0.06125
1348 -0.215
1250 -0.11
1350 0.02625
1274 -0.005
1296 0.095
1344 0.09625
1240 -0.045
1278 0.04125
1326 0.0325
1318 -0.05875
1314 0.07625
1414 -0.03125
1270 0.0675
1424 -0.16625
1408 -0.0575
1278 -0.055
1358 0.05375
1382 0.11375
1404 -0.0475
1316 0.0375
1280 -0.0025
1312 0.07125
1444 -0.01125
1314 0.11375
1342 0.04375
1216 -0.0025
1362 -0.06
1316 0.085
1424 -0.04125
1268 0.055
1254 0.045
1392 -0.12375
1410 -0.09
1370 -0.2075
1418 0.0175
1210 -0.09375
1200 -0.0175
1386 -0.00875
1240 0.03625
1246 0.0425
1334 -0.045
1222 0.0125
1334 0.09875
1296 0.0725
1380 0.06125
1414 -0.025
1378 0.0925
1294 -0.0075
1288 -0.10625
1414 -0.03
1334 -0.05625
1360 0.04125
1376 0.10375
1132 -0.05625
1276 0.1025
1416 0.06
1206 0.09625
1366 0.035
1402 0.145
1308 -0.04125
1280 -0.065
1384 -0.06
1406 -0.12375
1192 0.0025
1330 0.145
1308 0.10375
1286 0.13
1274 0.0475
1278 0.095
1368 -0.11
1342 0.09
1328 0.04625
1238 0.01125
1422 -0.06875
1350 0.045
1362 0.05125
1418 0.015
1346 0.25625
1270 -0.03125
1332 -0.0525
1242 0.00875
1384 -0.05375
1166 0.0025
1356 -0.17625
1376 0.05625
1150 0.03
1308 0.09
1222 0.0775
1426 -0.20375
1414 -0.2025
1470 0.0275
1474 -0.21375
1332 -0.13
1302 0.02875
1378 -0.0375
1280 0.08625
1244 -0.08375
1274 0.19875
1322 -0.05875
1262 -0.03375
1500 0.0775
1238 0.03
1242 -0.10625
1326 0.15625
1256 0.0475
1266 0.01625
1352 0
1274 -0.04
1356 0.055
1228 0.0125
1312 -0.03
1342 -0.03
1294 -0.06125
1394 0.145
1286 -0.01875
1306 0.00875
1258 -0.0875
1486 -0.0575
1476 0.11375
1240 -0.13375
1340 -0.14375
1354 -0.01
1344 -0.0425
1370 -0.18875
1262 0.03125
1326 -0.00625
1274 0.00125
1404 -0.0675
1184 0.115
1218 0.02125
1190 -0.055
1430 -0.0425
1280 0.11125
1218 -0.0575
1296 -0.08375
1252 0.0475
1414 -0.11
1200 -0.04125
1248 -0.15875
1402 0.035
1308 -0.1725
1220 -0.0375
1414 -0.01625
1294 0.12875
1162 0.1825
1314 -0.0425
1164 0.05375
1330 0.01125
1270 -0.02
1248 -0.00875
1338 -0.18875
1284 0.165
1282 0.01625
1314 -0.0425
1206 -0.04125
1274 -0.015
1354 0.03875
1358 0.05
1318 0.105
1206 0.225
1278 -0.14375
1360 -0.08875
1386 -0.0425
1304 -0.045
1282 0.0225
1270 -0.01375
1214 -0.0125
1416 0.10375
1362 0.1125
1432 0.06125
1342 -0.125
1278 0.0125
1264 0.0225
1274 -0.0775
1374 0.165
1356 -0.015
1194 0.03125
1310 -0.055
1406 -0.1
1472 0.155
1322 -0.0025
1290 0.005
1244 -0.1025
