592 -0.06875
1254 0.0525
1288 0.0375
1258 -0.0725
1326 0.07625
1444 0.085
1240 -0.1
1364 -0.06125
1438 -0.065
1358 0.14625
1288 0.055
1274 0.09875
1320 -0.06
1274 0.03125
1436 -0.005
1344 0.00375
1114 -0.075
1202 -0.095
1356 0.02375
1254 0.05375
1366 -0.12875
1304 0.06875
1312 0.06
1422 -0.05875
1416 0.00875
1338 -0.01875
1344 -0.0825
1320 -0.01375
1258 0.04125
1406 0.04125
1288 0.025
1384 -0.00125
1360 0.0325
1366 -0.02875
1254 -0.04
1396 -0.14625
1386 -0.00375
1282 -0.2075
1314 0.08875
1548 -0.16
1358 0.13625
1420 0.06875
1390 0.05875
1346 0.10625
1296 -0.01375
1314 0.0275
1352 -0.005
1426 0.08625
1424 -0.2
1220 0.04625
1136 0.0325
1258 -0.035
1326 0.07625
1292 0.05375
1258 0.1375
1362 -0.1075
1482 -0.0675
1254 -0.04125
1304 0.07875
1260 -0.0175
1282 -0.04625
1406 0.03875
1232 -0.04125
1262 0.035
1364 0.1125
1382 -0.01
1254 -0.045
1182 -0.015
1388 -0.03625
1282 -0.0075
1398 0.0175
1320 -0.07625
1246 0.13875
1388 0.02375
1286 0.04125
1332 0.02
1354 0.01625
1388 -0.10125
1348 -0.1125
1230 0.03875
1342 0.025
1400 -0.0775
1398 -0.16125
1332 -0.1
1284 -0.18875
1246 -0.12125
1400 -0.0375
1298 -0.24375
1344 0.0075
1362 -0.14875
1316 -0.00125
1242 -0.05
1464 0.0775
1198 -0.05125
1312 0.16625
1294 0.00875
1298 -0.0575
1286 0.05125
1272 -0.115
1232 -0.05125
1326 -0.055
1284 -0.07
1282 -0.02
1202 0.00375
1254 0.02
1148 0.045
1296 0.03
1258 0.015
1366 -0.015
1244 -0.06875
1334 0.0225
1388 -0.12875
1370 0.06875
1436 -0.04625
1328 0.2775
1384 -0.07625
1420 0.14125
1368 0.01125
1366 -0.0975
1286 0.03375
1242 0.21375
1374 -0.03125
1304 -0.1325
1430 -0.18625
1294 0.125
1324 0.015
1382 0.07375
1216 -0.0625
1248 0.065
1228 0.1075
1192 0.10875
1262 0.12125
1420 -0.0825
1266 0.02
1236 0.155
1406 -0.06
1354 -0.12375
1398 -0.01125
1254 0.0825
1254 0.11375
1304 0.0075
1320 0.07875
1150 0.14
1298 0.04625
1334 -0.035
1432 -0.1125
1426 0.06875
1222 -0.02125
1276 -0.01
1200 -0.13
1410 -0.06375
1266 -0.1175
1394 -0.17625
1302 -0.03625
1410 0.125
1358 0.1825
1290 0.11
1322 0.125
1288 -0.01375
1442 0.01125
1350 -0.155
1368 -0.0175
1426 0.0225
1306 0.02375
1224 0.11625
1246 -0.01625
1392 -0.06875
1298 -0.09125
1228 -0.09
1292 0.02375
1280 0
1320 -0.1425
1278 0.09625
1198 -0.01
1234 -0.0175
1266 -0.17875
1392 -0.07125
1392 -0.075
1270 0.03875
1338 -0.02125
1244 0.10875
1318 -0.05125
1342 0.16625
1178 0.01
1292 0.02125
1212 0.05125
1286 -0.02125
1248 0.02125
1268 -0.00375
1350 0.0625
1402 0.0125
1266 -0.18375
1172 -0.03875
1298 0.02625
1190 0.04125
1388 -0.105
1194 0.06625
1258 -0.2775
1298 0.14
1192 0.0225
