1006 0.0175
2798 -0.9175
2614 -0.86625
2806 -0.91125
2830 -0.905
2742 -0.875
2846 -0.92625
2670 -0.80375
2774 -0.9175
2866 -0.93875
2882 -0.93625
2714 -0.8875
2810 -0.91125
2762 -0.9
2846 -0.935
2798 -0.91875
2722 -0.88625
2750 -0.9175
2874 -0.92625
2830 -0.925
2818 -0.92875
2718 -0.895
2782 -0.9175
2758 -0.9
2862 -0.935
2780 -0.9075
2838 -0.93375
2782 -0.92
2678 -0.88125
2914 -0.95
2790 -0.91125
2834 -0.9125
2774 -0.905
2734 -0.90375
2870 -0.93125
2848 -0.91125
2742 -0.91
2702 -0.88625
2822 -0.93
2682 -0.875
2806 -0.91875
2874 -0.92375
2742 -0.88375
2722 -0.88125
2778 -0.91125
2722 -0.89375
2806 -0.9225
2646 -0.8775
2890 -0.94125
2734 -0.8675
2846 -0.93125
2838 -0.90875
2714 -0.89375
2754 -0.91
2806 -0.92375
2774 -0.9025
2798 -0.90375
2734 -0.88375
2734 -0.9
2690 -0.8825
2854 -0.92875
2806 -0.905
2934 -0.95
2774 -0.905
2724 -0.87125
2814 -0.92125
2870 -0.93125
2686 -0.84875
2796 -0.905
2762 -0.89125
2918 -0.9475
2804 -0.91875
2826 -0.90625
2766 -0.90625
2886 -0.93625
2682 -0.87875
2858 -0.9275
2926 -0.95
2810 -0.91375
2698 -0.86875
2822 -0.925
2830 -0.935
2830 -0.9225
2930 -0.94875
2790 -0.90875
2774 -0.9075
2704 -0.89375
2766 -0.91125
2902 -0.94625
2694 -0.865
2762 -0.91125
2766 -0.91375
2818 -0.91
2738 -0.90125
2964 -0.95875
2830 -0.9275
2776 -0.90375
2850 -0.9275
2750 -0.90625
2606 -0.85375
2706 -0.8725
2890 -0.9325
2734 -0.8875
2682 -0.89375
2770 -0.905
2742 -0.90625
2854 -0.92875
2802 -0.91625
2806 -0.88
2874 -0.94
2686 -0.88
2678 -0.88875
2646 -0.8525
2750 -0.91125
2810 -0.8925
2910 -0.945
2714 -0.89125
2706 -0.8975
2734 -0.90875
2782 -0.91875
2606 -0.85375
2746 -0.9025
2774 -0.89125
2850 -0.92375
2726 -0.90375
2814 -0.91875
2826 -0.91875
2774 -0.8975
2806 -0.925
2798 -0.91
2838 -0.9275
2762 -0.90625
2730 -0.9125
2846 -0.93125
2834 -0.9225
2814 -0.90125
2618 -0.83375
2966 -0.95375
2842 -0.925
2822 -0.92875
2882 -0.9175
2774 -0.88875
2854 -0.9325
2746 -0.90625
2766 -0.915
2802 -0.91625
2890 -0.9275
2774 -0.9175
2850 -0.93
2768 -0.89625
2842 -0.93125
2726 -0.9
2814 -0.92125
2734 -0.88625
2850 -0.925
2834 -0.91125
2882 -0.9275
2766 -0.89875
2806 -0.9225
2770 -0.91875
2762 -0.90125
2806 -0.9175
2684 -0.8825
2770 -0.9075
2750 -0.90625
2832 -0.9325
2686 -0.8825
2862 -0.9375
2854 -0.9275
2706 -0.8475
2654 -0.88625
2730 -0.8975
2754 -0.89875
2878 -0.935
2738 -0.89875
2810 -0.92
2770 -0.91125
2802 -0.91
2702 -0.8975
2802 -0.92625
2798 -0.89875
2854 -0.935
2814 -0.92125
2738 -0.9
2810 -0.925
2690 -0.87625
2674 -0.88625
2826 -0.935
2830 -0.92375
2738 -0.89375
2898 -0.93
2818 -0.92625
2790 -0.8925
2850 -0.92
2782 -0.89375
2754 -0.90875
2862 -0.93
2858 -0.9225
2722 -0.88375
2742 -0.8825
